     
Date	Temp	pH	pH2	Amp_3	Amp_4	Amp_5	pHx6	Tmpx6	pHx7	Tmpx7	pHx8	Tmpx8	pHx9	Tmpx9	pHx10	Tmpx10	pHx11	Tmpx11	pHx12	Tmpx12	pHx13	Tmpx13	pHx14	Tmpx14	pHx15	Tmpx15	pHx16	Tmpx16	pHx17	Tmpx17	pHx18	Tmpx18	pHx19	Tmpx19	pHx20	Tmpx20	pHx25	Tmpx25
16:00 05/10/2017	-6.2	6.80	6.14	0.0	2.5	1.4	6.06	24.4	8.16	26.3	5.05	24.6	5.63	26.3	6.60	26.2	5.91	26.3	5.26	26.3	6.98	26.5	5.86	39.6	4.04	26.4	6.78	25.5	6.70	25.9	6.13	27.9	6.49	28.1	7.34	26.0	7.01	25.9
16:10 05/10/2017	-6.2	6.80	6.13	0.1	2.5	1.2	6.05	24.3	8.16	26.2	5.04	24.5	5.63	26.2	6.59	26.1	5.89	26.3	5.24	26.3	6.97	26.4	5.84	39.3	3.83	26.5	6.79	21.2	6.69	21.4	6.12	21.3	6.49	23.7	7.29	26.0	7.01	26.0
16:20 05/10/2017	-6.2	6.79	6.12	42.3	2.0	1.4	6.04	24.2	8.16	26.2	5.03	24.2	5.63	26.2	6.59	26.1	5.86	26.2	5.22	26.3	6.97	26.5	5.83	40.0	3.65	26.5	6.79	20.8	6.69	20.9	6.11	20.9	6.49	22.6	7.25	26.0	7.01	25.9
16:30 05/10/2017	-6.2	6.79	6.11	10.0	2.5	1.2	6.03	24.0	8.16	26.1	5.03	24.1	5.62	26.1	6.59	26.0	5.82	26.2	5.21	26.2	6.96	26.4	5.81	40.1	3.50	26.5	6.79	20.7	6.69	20.9	6.11	21.8	6.49	22.4	7.23	26.0	7.00	25.9
16:40 05/10/2017	-6.2	6.78	6.10	2.5	2.5	1.2	6.01	23.9	8.15	26.1	5.02	24.0	5.62	26.1	6.58	26.0	5.79	26.2	5.20	26.2	6.96	26.4	5.79	40.1	3.37	26.5	6.80	20.8	6.69	21.0	6.10	22.6	6.49	22.0	7.20	25.9	7.00	25.9
16:50 05/10/2017	-6.2	6.77	6.09	43.5	2.0	1.4	6.00	23.8	8.15	26.1	5.02	24.0	5.62	26.1	6.58	26.0	5.77	26.2	5.19	26.2	6.95	26.4	5.78	40.1	3.24	26.5	6.80	20.8	6.69	21.0	6.10	22.8	6.48	21.9	7.18	25.9	6.99	25.8
17:00 05/10/2017	-6.2	6.76	6.09	75.4	2.1	1.2	5.99	23.7	8.13	26.1	5.02	24.0	5.61	26.0	6.58	25.9	5.75	26.2	5.17	26.2	6.95	26.4	5.77	40.1	3.13	26.4	6.80	21.0	6.68	21.0	6.09	23.0	6.48	21.8	7.17	25.9	6.97	25.8
17:10 05/10/2017	-6.2	6.75	6.09	38.2	2.2	1.2	5.98	23.7	8.13	26.0	5.01	23.8	5.61	26.0	6.57	25.9	5.73	26.2	5.16	26.2	6.94	26.4	5.74	40.0	3.03	26.4	6.80	21.7	6.68	21.3	6.09	23.0	6.48	21.6	7.16	25.9	6.98	25.8
17:20 05/10/2017	-6.2	6.74	6.08	0.0	2.5	1.2	5.98	23.7	8.13	26.0	5.01	23.8	5.61	26.0	6.57	25.9	5.70	26.2	5.15	26.2	6.94	26.4	5.73	40.0	2.94	26.4	6.80	22.4	6.68	21.6	6.08	23.0	6.48	21.7	7.14	25.8	6.97	25.8
17:30 05/10/2017	-6.2	6.73	6.07	0.2	2.5	1.2	5.97	23.7	8.13	26.0	5.01	23.8	5.60	26.0	6.57	25.9	5.68	26.2	5.14	26.2	6.93	26.4	5.72	40.1	2.85	26.4	6.81	22.8	6.68	21.7	6.07	23.0	6.47	21.8	7.13	25.8	6.97	25.8
17:40 05/10/2017	-6.2	6.72	6.07	82.5	1.9	1.4	5.96	23.6	8.12	26.0	5.01	23.8	5.60	26.1	6.57	25.9	5.66	26.3	5.14	26.2	6.93	26.4	5.71	40.1	2.77	26.4	6.81	23.1	6.68	21.9	6.07	23.0	6.47	22.1	7.12	25.8	6.96	25.8
17:50 05/10/2017	-6.2	6.71	6.06	0.0	2.5	1.4	5.95	23.6	8.12	26.0	5.00	23.7	5.60	26.7	6.56	25.9	5.64	26.7	5.13	26.2	6.93	26.4	5.70	40.1	2.69	26.4	6.81	23.3	6.67	22.1	6.06	23.1	6.47	22.3	7.11	25.8	6.96	25.8
18:00 05/10/2017	-6.2	6.70	6.05	3.9	2.1	0.7	5.94	23.6	8.12	26.0	5.00	23.8	5.59	27.1	6.56	26.0	5.63	27.0	5.12	26.2	6.92	26.4	5.68	40.2	2.62	26.4	6.81	23.3	6.67	22.2	6.06	23.1	6.46	22.5	7.10	25.8	6.96	25.8
18:10 05/10/2017	-6.2	6.70	6.05	0.0	2.5	1.4	5.93	23.6	8.12	26.0	5.00	24.0	5.59	27.5	6.56	26.0	5.61	27.2	5.12	26.2	6.92	26.3	5.67	40.1	2.56	26.4	6.81	23.3	6.67	22.4	6.05	23.1	6.46	22.7	7.09	25.8	6.95	25.8
18:20 05/10/2017	-6.2	6.69	6.04	0.0	2.5	1.3	5.93	23.6	8.11	26.0	5.00	24.1	5.58	27.6	6.55	26.0	5.59	27.1	5.11	26.2	6.91	26.3	5.66	40.1	2.49	26.4	6.81	23.3	6.67	22.5	6.05	23.2	6.46	22.8	7.09	25.8	6.95	25.8
18:30 05/10/2017	-6.2	6.69	6.04	74.5	2.5	1.1	5.92	23.7	8.11	26.0	5.00	24.1	5.58	27.7	6.55	26.1	5.57	27.2	5.11	26.2	6.91	26.3	5.65	40.1	2.43	26.4	6.81	23.4	6.66	22.6	6.04	23.2	6.46	22.9	7.08	25.8	6.94	25.9
18:40 05/10/2017	-6.2	6.68	6.03	82.4	2.5	1.4	5.91	23.7	8.11	26.0	5.00	24.1	5.57	28.0	6.55	26.1	5.55	27.3	5.10	26.2	6.91	26.3	5.65	40.1	2.38	26.4	6.81	23.3	6.66	22.7	6.04	23.2	6.45	22.7	7.07	25.9	6.94	25.9
18:50 05/10/2017	-6.2	6.67	6.03	0.1	2.3	1.4	5.90	23.6	8.11	26.1	5.00	24.0	5.57	28.1	6.55	26.1	5.53	27.4	5.10	26.1	6.90	26.3	5.64	40.0	2.33	26.4	6.81	23.3	6.66	22.7	6.03	23.1	6.45	22.8	7.06	25.9	6.94	25.9
19:00 05/10/2017	-6.2	6.66	6.03	32.3	2.0	1.2	5.89	23.6	8.11	26.1	5.00	24.0	5.57	27.7	6.54	26.1	5.51	27.2	5.10	26.1	6.90	26.3	5.63	40.3	2.28	26.4	6.81	23.3	6.66	22.7	6.03	23.1	6.45	22.9	7.05	25.9	6.93	26.0
19:10 05/10/2017	-6.2	6.65	6.02	28.2	2.2	1.2	5.89	23.6	8.11	26.1	5.00	24.0	5.56	27.2	6.54	26.1	5.50	26.8	5.09	26.1	6.90	26.3	5.62	40.3	2.23	26.3	6.81	23.3	6.66	22.7	6.03	23.1	6.45	23.1	7.04	25.9	6.93	26.0
19:20 05/10/2017	-6.2	6.64	6.02	0.9	2.4	1.3	5.88	23.6	8.10	26.1	5.00	24.0	5.56	27.0	6.54	26.1	5.48	26.6	5.09	26.1	6.90	26.3	5.61	40.1	2.18	26.3	6.82	23.3	6.65	22.7	6.02	23.1	6.44	23.1	7.03	25.9	6.93	26.0
19:30 05/10/2017	-6.2	6.64	6.02	31.3	2.0	1.2	5.87	23.6	8.10	26.1	5.01	23.9	5.56	26.7	6.54	26.1	5.46	26.5	5.09	26.1	6.89	26.3	5.61	40.1	2.15	26.3	6.82	23.2	6.65	22.6	6.02	23.1	6.44	23.1	7.03	25.9	6.92	26.0
19:40 05/10/2017	-6.2	6.63	6.02	0.0	2.5	1.4	5.86	23.6	8.10	26.1	5.01	23.9	5.55	26.5	6.52	26.1	5.44	26.5	5.08	26.1	6.89	26.3	5.60	39.8	2.15	26.3	6.82	23.2	6.65	22.6	6.01	23.0	6.44	23.1	7.02	25.9	6.92	26.0
19:50 05/10/2017	-6.2	6.62	6.02	8.7	2.5	1.4	5.85	23.6	8.10	26.1	5.01	23.8	5.55	26.4	6.52	26.1	5.42	26.4	5.08	26.1	6.89	26.2	5.59	40.2	2.15	26.3	6.82	23.2	6.65	22.6	6.01	23.0	6.43	23.1	7.01	25.9	6.92	26.0
20:00 05/10/2017	-6.2	6.61	6.01	0.0	2.5	1.3	5.84	23.5	8.10	26.1	5.01	23.7	5.55	26.4	6.52	26.1	5.40	26.4	5.08	26.1	6.88	26.2	5.59	40.0	2.15	26.3	6.82	23.2	6.65	22.6	6.00	23.0	6.43	23.0	7.00	25.9	6.91	26.0
20:10 05/10/2017	-6.2	6.61	6.01	0.0	2.5	0.9	5.83	23.5	8.09	26.1	5.01	23.7	5.55	26.3	6.52	26.1	5.38	26.3	5.08	26.1	6.88	26.2	5.58	40.0	2.15	26.2	6.82	23.1	6.64	22.6	6.00	22.8	6.43	23.0	6.99	25.9	6.91	26.0
20:20 05/10/2017	-6.2	6.60	6.01	57.0	1.9	1.0	5.83	23.5	8.09	26.1	5.01	23.7	5.54	26.2	6.51	26.1	5.36	26.3	5.07	26.1	6.88	26.2	5.57	40.0	2.15	26.2	6.82	23.1	6.64	22.6	5.99	22.8	6.43	23.0	6.98	25.9	6.91	26.0
20:30 05/10/2017	-6.2	6.60	6.00	26.7	1.9	1.1	5.82	23.5	8.09	26.1	5.02	23.7	5.54	26.1	6.51	26.1	5.35	26.3	5.07	26.1	6.87	26.2	5.57	40.0	2.15	26.3	6.82	23.1	6.64	22.5	5.99	22.8	6.42	23.0	6.98	26.0	6.90	26.0
20:40 05/10/2017	-6.2	6.59	6.00	0.1	1.9	1.3	5.81	23.5	8.09	26.1	5.02	23.7	5.54	26.1	6.51	26.1	5.33	26.3	5.07	26.1	6.87	26.2	5.56	40.0	2.15	26.3	6.82	23.1	6.64	22.5	5.98	22.8	6.42	22.9	6.97	26.0	6.90	26.0
20:50 05/10/2017	-6.2	6.58	6.00	32.3	2.5	1.4	5.80	23.5	8.09	26.1	5.02	23.5	5.53	26.1	6.51	26.1	5.31	26.3	5.07	26.1	6.87	26.2	5.56	39.8	2.15	26.3	6.82	23.0	6.64	22.5	5.98	22.7	6.42	22.9	6.96	26.0	6.90	26.0
21:00 05/10/2017	-6.2	6.57	5.99	0.0	2.3	1.2	5.79	23.5	8.09	26.1	5.02	23.5	5.53	26.1	6.51	26.1	5.29	26.3	5.07	26.1	6.86	26.2	5.55	40.2	2.15	26.3	6.82	23.0	6.64	22.5	5.97	22.7	6.42	22.9	6.96	26.0	6.90	26.0
21:10 05/10/2017	-6.2	6.56	5.99	0.9	1.8	1.4	5.78	23.5	8.08	26.1	5.02	23.5	5.53	26.1	6.50	26.1	5.28	26.3	5.07	26.1	6.86	26.2	5.54	40.1	2.15	26.3	6.82	23.0	6.63	22.5	5.97	22.7	6.41	22.8	6.95	26.0	6.88	26.0
21:20 05/10/2017	-6.2	6.55	5.99	16.0	2.5	1.4	5.78	23.5	8.08	26.1	5.03	23.5	5.52	26.0	6.50	26.1	5.26	26.3	5.07	26.1	6.86	26.2	5.54	40.0	2.15	26.3	6.82	23.0	6.63	22.5	5.96	22.6	6.41	22.8	6.94	26.0	6.88	26.0
21:30 05/10/2017	-6.2	6.54	5.99	22.3	2.3	1.4	5.77	23.5	8.08	26.1	5.03	23.5	5.52	26.0	6.50	26.1	5.24	26.2	5.06	26.1	6.86	26.2	5.53	39.9	2.15	26.3	6.82	23.0	6.63	22.5	5.96	22.7	6.41	22.8	6.93	26.0	6.88	26.0
21:40 05/10/2017	-6.2	6.54	5.99	3.4	2.5	1.4	5.76	23.5	8.08	26.1	5.03	23.4	5.52	26.0	6.50	26.0	5.23	26.2	5.06	26.1	6.85	26.2	5.53	39.9	2.15	26.3	6.82	22.9	6.63	22.5	5.95	22.6	6.41	22.8	6.93	26.0	6.88	26.0
21:50 05/10/2017	-6.2	6.53	5.99	0.0	2.4	1.4	5.75	23.5	8.08	26.1	5.03	23.4	5.51	26.0	6.49	26.0	5.21	26.2	5.06	26.1	6.85	26.2	5.52	39.8	2.15	26.3	6.82	22.8	6.63	22.4	5.95	22.7	6.40	22.8	6.92	26.0	6.88	26.0
22:00 05/10/2017	-6.2	6.52	5.99	0.0	2.5	1.4	5.75	23.5	8.08	26.1	5.03	23.5	5.51	26.0	6.49	26.0	5.19	26.2	5.06	26.0	6.85	26.2	5.52	39.7	2.15	26.3	6.82	22.8	6.62	22.4	5.94	22.7	6.40	22.8	6.91	26.0	6.87	26.0
22:10 05/10/2017	-6.2	6.51	5.99	17.1	2.3	1.4	5.74	23.5	8.08	26.1	5.03	23.5	5.51	26.0	6.49	26.0	5.18	26.2	5.06	26.0	6.85	26.2	5.52	40.0	2.15	26.3	6.83	22.8	6.62	22.4	5.94	22.7	6.40	22.8	6.91	26.0	6.87	26.0
22:20 05/10/2017	-6.2	6.51	5.99	0.0	2.0	0.9	5.73	23.5	8.08	26.1	5.03	23.4	5.50	26.0	6.49	26.0	5.16	26.2	5.06	26.0	6.84	26.2	5.51	39.8	2.15	26.2	6.83	22.8	6.62	22.4	5.94	22.6	6.40	22.8	6.90	25.9	6.87	26.0
22:30 05/10/2017	-6.2	6.50	5.99	0.0	2.2	1.4	5.72	23.5	8.07	26.1	5.04	23.4	5.50	26.0	6.49	26.0	5.14	26.2	5.06	26.0	6.84	26.2	5.51	39.8	2.15	26.2	6.83	22.8	6.62	22.3	5.93	22.6	6.39	22.8	6.90	25.9	6.87	26.0
22:40 05/10/2017	-6.2	6.49	5.99	49.9	2.2	1.3	5.72	23.4	8.07	26.1	5.04	23.4	5.50	26.0	6.48	26.0	5.13	26.2	5.06	26.0	6.84	26.2	5.50	39.9	2.15	26.2	6.83	22.8	6.62	22.4	5.93	22.6	6.39	22.8	6.89	25.9	6.86	26.0
22:50 05/10/2017	-6.2	6.49	5.99	26.7	1.8	1.4	5.71	23.4	8.07	26.1	5.04	23.4	5.49	26.0	6.48	26.0	5.11	26.2	5.06	26.0	6.84	26.2	5.50	39.8	2.15	26.2	6.83	22.8	6.62	22.4	5.92	22.6	6.39	22.8	6.88	26.0	6.86	26.0
23:00 05/10/2017	-6.2	6.48	5.99	0.0	2.1	1.4	5.70	23.5	8.07	26.1	5.04	23.4	5.49	26.0	6.48	26.0	5.09	26.2	5.06	26.0	6.83	26.2	5.50	39.9	2.15	26.2	6.83	22.7	6.61	22.3	5.92	22.6	6.39	22.7	6.88	25.9	6.86	26.0
23:10 05/10/2017	-6.2	6.47	5.99	21.7	2.5	1.4	5.69	23.5	8.07	26.1	5.04	23.3	5.49	26.0	6.48	26.0	5.07	26.2	5.06	26.0	6.83	26.2	5.49	40.0	2.15	26.2	6.83	22.6	6.61	22.3	5.92	22.6	6.38	22.7	6.87	25.9	6.86	26.0
23:20 05/10/2017	-6.2	6.46	5.99	16.3	2.5	1.4	5.68	23.5	8.07	26.1	5.05	23.3	5.48	26.0	6.48	26.0	5.06	26.2	5.06	26.0	6.83	26.2	5.49	39.9	2.15	26.2	6.83	22.5	6.61	22.3	5.91	22.7	6.38	22.7	6.87	25.9	6.86	26.0
23:30 05/10/2017	-6.2	6.45	5.99	0.4	2.5	1.4	5.68	23.5	8.07	26.1	5.05	23.4	5.48	26.0	6.47	26.0	5.04	26.2	5.06	26.0	6.83	26.2	5.49	40.0	2.15	26.2	6.83	22.5	6.61	22.3	5.91	22.6	6.38	22.7	6.86	25.9	6.86	26.0
23:40 05/10/2017	-6.2	6.44	5.99	72.1	2.2	1.4	5.66	23.5	8.07	26.1	5.05	23.3	5.48	26.0	6.47	26.0	5.02	26.2	5.06	26.0	6.82	26.2	5.48	40.0	2.15	26.2	6.83	22.5	6.61	22.3	5.90	22.7	6.38	22.7	6.86	26.0	6.85	26.0
23:50 05/10/2017	-6.2	6.43	5.99	30.1	2.2	1.3	5.65	23.5	8.07	26.1	5.05	23.3	5.47	26.0	6.47	26.0	5.01	26.2	5.06	26.0	6.82	26.2	5.48	39.8	2.15	26.2	6.83	22.5	6.60	22.3	5.90	22.7	6.37	22.7	6.85	25.8	6.85	26.0
Date	Temp	pH	pH2	Amp_3	Amp_4	Amp_5	pHx6	Tmpx6	pHx7	Tmpx7	pHx8	Tmpx8	pHx9	Tmpx9	pHx10	Tmpx10	pHx11	Tmpx11	pHx12	Tmpx12	pHx13	Tmpx13	pHx14	Tmpx14	pHx15	Tmpx15	pHx16	Tmpx16	pHx17	Tmpx17	pHx19	Tmpx19	pHx20	Tmpx20	pHx21	Tmpx21
10:00 05/11/2017	-6.2	6.13	6.01	0.9	2.3	1.3	5.39	24.5	8.03	26.2	5.26	25.0	5.31	26.8	6.45	26.2	4.49	26.6	5.11	26.2	6.83	26.3	5.52	39.3	2.15	26.4	6.86	25.1	6.53	24.3	6.26	26.7	6.76	25.8	6.87	25.8
10:10 05/11/2017	-6.2	6.09	6.00	0.8	2.0	1.2	5.39	24.6	8.04	26.2	5.24	25.1	5.30	26.6	6.44	26.2	4.46	26.5	5.09	26.2	6.82	26.3	5.51	39.6	2.15	26.4	6.86	25.5	6.52	24.6	6.26	26.4	6.74	25.8	6.88	25.8
10:20 05/11/2017	-6.2	6.06	6.00	0.9	2.2	1.3	5.39	24.7	8.05	26.2	5.22	24.9	5.30	26.5	6.43	26.2	4.44	26.5	5.08	26.2	6.81	26.3	5.49	39.8	2.15	26.4	6.85	24.5	6.52	24.7	6.26	26.5	6.74	25.9	6.88	25.8
10:30 05/11/2017	-6.2	6.04	6.00	0.8	2.4	1.1	5.38	24.4	8.05	26.2	5.21	25.0	5.30	26.5	6.43	26.2	4.43	26.5	5.08	26.2	6.81	26.3	5.48	39.9	2.15	26.4	6.85	24.5	6.51	24.7	6.26	26.5	6.73	25.9	6.88	25.9
10:40 05/11/2017	-6.2	6.03	6.00	0.8	2.1	1.2	5.38	23.6	8.06	26.2	5.21	24.8	5.29	26.5	6.43	26.2	4.42	26.5	5.07	26.3	6.81	26.5	5.48	40.2	2.15	26.5	6.85	24.7	6.51	24.6	6.26	26.5	6.73	26.0	6.88	25.9
10:50 05/11/2017	-6.2	6.03	6.00	0.9	2.5	1.2	5.37	23.5	8.06	26.3	5.20	24.6	5.29	26.4	6.43	26.2	4.41	26.5	5.07	26.3	6.80	26.5	5.47	40.3	2.15	26.5	6.85	24.8	6.51	24.3	6.26	26.4	6.72	26.0	6.87	26.0
11:00 05/11/2017	-6.2	6.02	6.00	0.8	2.5	1.3	5.37	23.7	8.06	26.3	5.20	24.6	5.29	26.4	6.43	26.2	4.39	26.5	5.07	26.3	6.80	26.4	5.47	40.1	2.15	26.5	6.85	24.7	6.51	23.9	6.25	26.6	6.72	26.0	6.87	26.0
11:10 05/11/2017	-6.2	6.01	6.00	0.8	2.4	1.1	5.36	24.0	8.06	26.2	5.20	24.6	5.28	26.3	6.43	26.2	4.39	26.4	5.07	26.3	6.80	26.4	5.46	39.8	2.15	26.5	6.84	24.6	6.51	23.7	6.25	27.0	6.72	26.0	6.87	25.9
11:20 05/11/2017	-6.2	6.01	6.00	0.9	2.3	1.3	5.36	24.1	8.06	26.2	5.20	24.6	5.28	26.3	6.43	26.2	4.38	26.3	5.07	26.3	6.80	26.4	5.46	40.0	2.15	26.5	6.84	24.6	6.51	23.6	6.25	27.3	6.72	26.0	6.87	25.9
11:30 05/11/2017	-6.2	6.00	6.00	0.8	2.5	1.2	5.35	24.3	8.06	26.2	5.19	24.7	5.28	26.3	6.43	26.1	4.37	26.3	5.07	26.2	6.79	26.3	5.45	39.9	2.15	26.4	6.84	24.6	6.51	23.6	6.25	27.7	6.72	26.0	6.86	25.9
11:40 05/11/2017	-6.2	5.99	6.00	0.8	2.1	1.1	5.35	24.2	8.06	26.2	5.19	24.8	5.28	26.3	6.42	26.1	4.36	26.3	5.07	26.2	6.79	26.2	5.45	39.8	2.15	26.4	6.84	24.6	6.51	23.6	6.25	28.0	6.72	26.0	6.86	25.9
11:50 05/11/2017	-6.2	5.98	6.00	0.7	2.3	1.2	5.34	24.3	8.06	26.2	5.19	24.8	5.27	26.2	6.42	26.1	4.35	26.3	5.07	26.2	6.79	26.2	5.44	39.2	2.15	26.4	6.84	24.5	6.51	23.6	6.24	27.6	6.71	26.0	6.86	25.9
12:00 05/11/2017	-6.2	5.97	6.00	0.9	2.5	3.7	5.34	24.5	8.06	26.2	5.19	24.9	5.27	26.2	6.42	26.1	4.34	26.3	5.07	26.2	6.79	26.2	5.43	39.8	2.15	26.4	6.84	24.5	6.50	23.7	6.24	27.5	6.71	26.0	6.86	25.9
12:10 05/11/2017	-6.2	5.96	5.98	0.8	2.3	3.7	5.33	24.6	8.06	26.2	5.19	24.8	5.27	26.2	6.42	26.1	4.33	26.3	5.07	26.2	6.79	26.2	5.43	39.1	2.15	26.4	6.83	24.5	6.50	23.7	6.24	27.3	6.71	26.0	6.85	25.9
12:20 05/11/2017	-6.2	5.96	5.98	0.8	2.0	3.9	5.33	24.7	8.06	26.2	5.19	24.8	5.26	26.2	6.42	26.1	4.33	26.3	5.07	26.2	6.78	26.2	5.42	39.9	2.15	26.4	6.83	24.4	6.50	23.6	6.24	27.2	6.71	26.0	6.85	25.9
12:30 05/11/2017	-6.2	5.95	5.98	0.9	2.3	4.2	5.33	24.7	8.06	26.2	5.18	24.8	5.26	26.3	6.42	26.2	4.31	26.3	5.07	26.2	6.78	26.2	5.42	39.9	2.15	26.4	6.83	24.3	6.50	23.6	6.24	27.1	6.71	26.0	6.85	25.9
12:40 05/11/2017	-6.2	5.94	5.98	0.8	2.2	3.7	5.32	24.8	8.06	26.2	5.18	24.9	5.26	26.3	6.42	26.2	4.30	26.3	5.07	26.2	6.78	26.2	5.42	39.8	2.15	26.4	6.83	24.5	6.50	23.8	6.23	27.0	6.70	26.0	6.84	25.9
12:50 05/11/2017	-6.2	5.93	5.98	0.9	2.3	3.9	5.32	24.8	8.06	26.2	5.18	24.8	5.26	26.3	6.42	26.2	4.30	26.3	5.07	26.2	6.78	26.2	5.41	39.9	2.15	26.4	6.83	24.6	6.50	23.9	6.23	27.1	6.70	26.0	6.84	25.9
13:00 05/11/2017	-6.2	5.93	5.98	0.8	2.5	3.6	5.31	25.0	8.06	26.2	5.18	24.8	5.25	26.3	6.42	26.2	4.29	26.3	5.07	26.2	6.77	26.2	5.41	39.8	2.15	26.4	6.83	24.6	6.49	24.1	6.23	27.4	6.70	26.0	6.84	26.0
13:10 05/11/2017	-6.2	5.93	5.97	0.9	2.4	3.6	5.31	25.0	8.05	26.2	5.18	24.7	5.25	26.3	6.42	26.2	4.28	26.3	5.07	26.2	6.77	26.2	5.40	39.9	2.15	26.4	6.82	24.7	6.49	24.1	6.23	27.8	6.70	26.0	6.84	26.0
13:20 05/11/2017	-6.2	5.92	5.97	0.9	2.4	3.6	5.30	25.0	8.05	26.2	5.18	24.6	5.25	26.3	6.42	26.2	4.28	26.3	5.08	26.2	6.77	26.1	5.40	39.7	2.15	26.4	6.82	24.7	6.49	24.3	6.23	28.1	6.69	26.0	6.84	26.0
13:30 05/11/2017	-6.2	5.91	5.97	0.8	0.2	4.0	5.30	24.5	8.05	26.3	5.18	24.6	5.25	26.3	6.41	26.2	4.27	26.4	5.08	26.2	6.77	26.1	5.40	39.7	2.15	26.5	6.82	24.7	6.49	24.5	6.22	28.3	6.69	26.0	6.83	26.0
13:40 05/11/2017	-6.2	5.90	5.97	0.9	0.3	3.7	5.29	24.3	8.05	26.3	5.17	24.5	5.24	26.3	6.41	26.2	4.26	26.4	5.08	26.2	6.77	26.1	5.39	39.8	2.15	26.4	6.82	24.8	6.49	24.4	6.22	28.5	6.69	26.0	6.83	26.0
13:50 05/11/2017	-6.2	5.89	5.97	0.9	0.2	4.0	5.29	24.5	8.05	26.3	5.18	24.3	5.24	26.3	6.41	26.2	4.26	26.4	5.08	26.3	6.76	26.2	5.39	39.7	2.15	26.5	6.82	24.9	6.48	24.3	6.22	28.7	6.68	26.1	6.83	26.0
14:00 05/11/2017	-6.2	5.88	5.97	0.8	0.2	4.2	5.28	24.5	8.05	26.3	5.17	24.2	5.24	26.3	6.41	26.2	4.25	26.4	5.08	26.2	6.76	26.1	5.38	39.7	2.15	26.5	6.81	27.0	6.48	27.9	6.22	29.1	6.68	26.1	6.83	26.0
14:10 05/11/2017	-6.2	5.88	5.97	0.8	0.2	4.0	5.28	24.6	8.05	26.3	5.18	24.5	5.24	26.3	6.41	26.2	4.24	26.4	5.08	26.2	6.76	26.2	5.38	39.6	2.15	26.5	6.81	26.6	6.48	28.0	6.21	32.0	6.68	26.1	6.83	26.0
14:20 05/11/2017	-6.2	5.87	5.97	0.9	0.2	4.0	5.28	24.6	8.04	26.3	5.17	24.6	5.23	26.3	6.41	26.2	4.24	26.4	5.08	26.2	6.76	26.2	5.37	39.6	2.15	26.5	6.81	26.6	6.48	27.9	6.21	29.3	6.67	26.1	6.83	26.1
14:30 05/11/2017	-6.2	5.86	5.97	0.8	0.2	4.1	5.27	24.6	8.04	26.3	5.17	24.3	5.23	26.3	6.41	26.2	4.23	26.4	5.08	26.2	6.75	26.2	5.37	39.7	2.15	26.5	6.81	26.8	6.47	27.8	6.21	29.0	6.67	26.1	6.82	26.1
14:40 05/11/2017	-6.2	5.85	5.97	0.9	2.5	4.2	5.27	24.6	8.04	26.3	5.17	24.3	5.23	26.3	6.41	26.2	4.22	26.4	5.08	26.2	6.75	26.2	5.37	39.6	2.15	26.5	6.81	27.0	6.47	27.7	6.21	28.7	6.67	26.1	6.82	26.1
14:50 05/11/2017	-6.2	5.84	5.97	0.9	1.8	4.2	5.26	24.6	8.04	26.3	5.18	24.2	5.22	26.3	6.41	26.2	4.22	26.4	5.08	26.3	6.75	26.2	5.36	39.5	2.15	26.5	6.81	27.1	6.47	27.6	6.21	28.3	6.67	26.1	6.82	26.1
15:00 05/11/2017	-6.2	5.84	5.97	1.0	2.3	4.0	5.26	24.5	8.04	26.3	5.18	24.2	5.22	26.4	6.41	26.2	4.21	26.5	5.08	26.3	6.75	26.2	5.36	39.5	2.15	26.5	6.80	27.1	6.47	27.5	6.20	28.1	6.67	26.2	6.82	26.1
15:10 05/11/2017	-6.2	5.83	5.97	0.9	2.5	4.3	5.25	24.2	8.04	26.3	5.18	24.2	5.22	26.4	6.41	26.2	4.21	26.4	5.08	26.3	6.75	26.2	5.36	39.5	2.15	26.5	6.80	27.1	6.47	27.4	6.20	27.9	6.66	26.2	6.82	26.0
15:20 05/11/2017	-6.2	5.83	5.97	0.9	2.5	4.0	5.25	24.3	8.04	26.3	5.18	24.2	5.22	26.4	6.41	26.2	4.20	26.4	5.08	26.3	6.74	25.5	5.35	39.5	2.15	26.5	6.80	27.1	6.47	27.3	6.20	27.7	6.66	26.2	6.81	26.0
15:30 05/11/2017	-6.2	5.82	5.97	0.9	2.5	4.0	5.25	24.5	8.03	26.4	5.18	24.2	5.21	26.4	6.40	26.2	4.19	26.5	5.08	26.3	6.74	27.0	5.35	39.6	2.15	26.5	6.80	27.0	6.47	27.2	6.20	27.6	6.66	26.2	6.81	26.1
15:40 05/11/2017	-6.2	5.81	5.97	0.8	2.5	4.2	5.24	24.5	8.03	26.4	5.18	24.1	5.21	26.4	6.40	26.2	4.19	26.4	5.08	26.3	6.74	26.8	5.35	39.3	2.15	26.5	6.80	27.0	6.46	27.1	6.19	27.5	6.65	26.2	6.81	26.1
15:50 05/11/2017	-6.2	5.80	5.97	0.9	2.3	4.2	5.24	24.6	8.03	26.4	5.18	24.0	5.21	26.4	6.40	26.2	4.18	26.4	5.08	26.3	6.74	26.8	5.35	39.4	2.15	26.4	6.80	26.9	6.46	27.1	6.19	27.3	6.65	26.2	6.81	26.1
16:00 05/11/2017	-6.2	5.80	5.97	0.9	2.4	3.9	5.23	24.6	8.03	26.4	5.18	24.1	5.21	26.4	6.40	26.2	4.17	26.4	5.08	26.3	6.74	26.7	5.34	39.6	2.15	26.4	6.79	26.8	6.46	27.0	6.19	27.2	6.65	26.2	6.81	26.0
16:10 05/11/2017	-6.2	5.79	5.97	0.9	2.5	4.1	5.23	24.5	8.03	26.3	5.18	23.9	5.21	26.3	6.40	26.1	4.17	26.4	5.09	26.2	6.74	26.7	5.34	40.1	2.15	26.3	6.79	26.7	6.46	26.8	6.19	27.1	6.65	26.1	6.81	26.0
16:20 05/11/2017	-6.2	5.78	5.97	0.9	2.2	4.2	5.22	24.3	8.03	26.3	5.19	23.8	5.21	26.3	6.40	26.1	4.18	26.3	5.09	26.2	6.74	26.7	5.35	39.6	2.15	26.2	6.79	26.6	6.46	26.7	6.19	27.0	6.64	26.1	6.80	26.0
16:30 05/11/2017	-6.2	5.78	5.97	0.9	2.2	3.4	5.22	24.3	8.03	26.2	5.19	23.8	5.21	26.3	6.41	26.0	4.18	26.3	5.10	26.2	6.74	26.6	5.35	39.6	2.15	26.2	6.79	26.6	6.46	26.9	6.19	27.0	6.64	26.1	6.80	26.0
16:40 05/11/2017	-6.2	5.77	5.99	0.8	2.6	3.6	5.21	24.2	8.02	26.2	5.20	23.8	5.21	26.3	6.41	25.9	4.17	26.3	5.10	26.1	6.74	26.6	5.35	39.6	2.15	26.2	6.79	26.7	6.46	27.2	6.19	27.1	6.64	26.1	6.80	26.1
16:50 05/11/2017	-6.2	5.77	5.99	0.9	2.5	3.9	5.21	24.2	8.02	26.2	5.20	23.7	5.20	26.3	6.41	25.8	4.15	26.3	5.11	26.1	6.73	26.6	5.35	39.7	2.15	26.1	6.79	26.9	6.46	27.5	6.18	27.2	6.63	26.1	6.80	26.0
17:00 05/11/2017	-6.2	5.76	5.99	0.9	2.5	3.7	5.21	24.1	8.02	26.2	5.21	23.6	5.20	26.2	6.41	25.8	4.14	26.3	5.11	26.1	6.73	26.5	5.35	39.7	2.15	26.1	6.79	27.1	6.46	27.7	6.18	27.4	6.63	26.1	6.80	26.0
17:10 05/11/2017	-6.2	5.75	5.99	0.8	2.5	3.9	5.19	24.1	8.02	26.2	5.21	23.6	5.20	26.2	6.41	25.7	4.13	26.3	5.11	26.1	6.73	26.5	5.35	39.9	2.15	26.1	6.79	27.2	6.46	27.9	6.18	27.6	6.61	26.0	6.80	26.0
17:20 05/11/2017	-6.2	5.74	5.99	0.9	2.5	4.0	5.19	24.1	8.02	26.2	5.22	23.6	5.20	26.2	6.41	25.7	4.12	26.3	5.12	26.1	6.73	26.5	5.36	40.2	2.15	26.1	6.79	27.4	6.46	28.1	6.18	27.7	6.61	26.0	6.80	26.0
17:30 05/11/2017	-6.2	5.74	5.99	0.8	1.8	3.6	5.18	24.0	8.02	26.2	5.22	23.5	5.19	26.2	6.41	25.6	4.11	26.3	5.12	26.1	6.73	26.5	5.36	40.1	2.15	26.1	6.79	27.5	6.46	28.2	6.17	27.9	6.60	26.0	6.80	26.0
17:40 05/11/2017	-6.2	5.74	5.99	0.8	2.1	4.0	5.18	24.0	8.02	26.2	5.22	23.5	5.19	26.2	6.40	25.6	4.10	26.3	5.12	26.1	6.73	26.5	5.36	40.4	2.15	26.0	6.79	27.4	6.46	28.0	6.17	27.8	6.60	26.1	6.80	26.0
17:50 05/11/2017	-6.2	5.73	5.99	0.9	2.5	4.0	5.17	24.0	8.02	26.2	5.23	23.5	5.19	26.2	6.40	25.5	4.09	26.3	5.12	26.1	6.73	26.4	5.36	40.6	2.15	26.0	6.79	27.2	6.46	27.7	6.17	27.7	6.59	26.0	6.80	26.0
18:00 05/11/2017	-6.2	5.72	5.99	0.9	2.2	4.2	5.17	24.0	8.02	26.2	5.23	23.5	5.19	26.2	6.40	25.5	4.08	26.3	5.12	26.1	6.73	26.4	5.36	40.5	2.15	26.0	6.79	27.1	6.45	27.5	6.17	27.5	6.58	26.0	6.80	26.0
18:10 05/11/2017	-6.2	5.71	5.99	0.9	2.3	3.9	5.16	24.0	8.01	26.2	5.24	23.4	5.18	26.2	6.40	25.4	4.07	26.4	5.12	26.1	6.72	26.4	5.36	40.4	2.15	26.0	6.79	27.0	6.45	27.3	6.17	27.4	6.58	26.0	6.80	26.1
18:20 05/11/2017	-6.2	5.70	5.99	0.7	2.5	4.1	5.16	23.9	8.02	26.2	5.24	23.3	5.18	26.2	6.40	25.3	4.06	26.4	5.12	26.1	6.72	26.4	5.36	40.3	2.15	26.0	6.79	26.8	6.45	27.2	6.16	27.3	6.57	26.1	6.80	26.1
18:30 05/11/2017	-6.2	5.70	5.99	0.9	2.2	4.2	5.15	23.9	8.02	26.2	5.25	23.3	5.18	26.2	6.40	25.3	4.05	26.4	5.12	26.1	6.72	26.3	5.36	40.3	2.15	26.0	6.79	26.7	6.45	27.1	6.16	27.1	6.57	26.1	6.80	26.1
18:40 05/11/2017	-6.2	5.69	5.99	0.9	2.2	4.2	5.15	23.9	8.02	26.2	5.25	23.3	5.17	26.1	6.40	25.2	4.04	26.4	5.13	26.1	6.72	26.3	5.37	40.2	2.15	26.0	6.79	26.6	6.45	26.9	6.16	27.0	6.56	26.1	6.80	26.1
18:50 05/11/2017	-6.2	5.68	5.99	0.9	2.2	3.5	5.14	23.8	8.02	26.2	5.25	23.3	5.17	26.2	6.40	25.2	4.03	26.4	5.12	26.1	6.72	26.3	5.37	40.1	2.15	25.9	6.79	26.5	6.45	26.8	6.16	26.9	6.56	26.1	6.80	26.1
19:00 05/11/2017	-6.2	5.67	5.99	0.9	2.5	4.1	5.14	23.8	8.02	26.2	5.25	23.2	5.17	26.1	6.40	25.1	4.02	26.4	5.12	26.1	6.72	26.3	5.37	40.1	2.15	25.9	6.78	26.6	6.45	27.0	6.16	26.9	6.55	26.1	6.80	26.1
19:10 05/11/2017	-6.2	5.66	5.99	0.8	2.4	4.0	5.14	23.8	8.02	26.2	5.26	23.2	5.17	26.1	6.40	25.1	4.01	26.4	5.13	26.1	6.72	26.3	5.37	40.2	2.15	25.9	6.78	26.7	6.45	27.1	6.15	27.1	6.54	26.1	6.81	26.1
19:20 05/11/2017	-6.2	5.65	5.99	0.9	2.3	4.3	5.13	23.8	8.02	26.2	5.26	23.3	5.16	26.1	6.40	25.1	4.00	26.4	5.13	26.1	6.72	26.3	5.37	40.2	2.15	25.9	6.78	26.8	6.44	27.5	6.15	27.2	6.54	26.1	6.81	26.1
19:30 05/11/2017	-6.2	5.64	5.99	0.9	2.5	4.1	5.13	23.8	8.02	26.2	5.26	23.2	5.16	26.1	6.39	25.0	3.99	26.4	5.13	26.1	6.72	26.3	5.37	40.1	2.15	25.9	6.78	27.0	6.44	27.7	6.15	27.4	6.53	26.1	6.81	26.1
19:40 05/11/2017	-6.2	5.64	5.99	1.0	2.6	3.9	5.12	23.8	8.02	26.2	5.27	23.2	5.16	26.1	6.39	25.0	3.98	26.4	5.13	26.1	6.72	26.3	5.37	40.1	2.15	25.9	6.78	27.2	6.44	27.8	6.15	27.6	6.53	26.1	6.81	26.1
19:50 05/11/2017	-6.2	5.64	5.99	0.9	2.4	4.2	5.12	23.8	8.02	26.2	5.27	23.2	5.16	26.1	6.39	25.0	3.97	26.4	5.13	26.1	6.72	26.3	5.38	40.1	2.15	25.9	6.78	27.3	6.44	28.1	6.15	27.7	6.52	26.1	6.81	26.1
20:00 05/11/2017	-6.2	5.63	5.99	0.9	2.1	4.3	5.11	23.8	8.02	26.2	5.27	23.2	5.15	26.1	6.39	24.9	3.96	26.4	5.14	26.1	6.71	26.3	5.38	40.1	2.15	25.9	6.78	27.5	6.44	28.2	6.15	27.9	6.52	26.1	6.81	26.1
20:10 05/11/2017	-6.2	5.62	5.99	1.0	2.4	4.2	5.11	23.8	8.02	26.2	5.27	23.2	5.15	26.1	6.39	24.9	3.95	26.4	5.14	26.1	6.71	26.3	5.38	40.0	2.15	26.0	6.78	27.3	6.44	28.0	6.14	27.8	6.51	26.1	6.81	26.1
20:20 05/11/2017	-6.2	5.61	5.99	0.9	2.6	4.2	5.10	23.8	8.02	26.2	5.28	23.2	5.15	26.1	6.39	24.8	3.94	26.4	5.14	26.1	6.71	26.3	5.38	40.1	2.15	26.0	6.78	27.2	6.44	27.7	6.14	27.7	6.51	26.1	6.81	26.1
20:30 05/11/2017	-6.2	5.60	5.99	0.8	2.5	3.4	5.10	23.9	8.03	26.2	5.28	23.2	5.15	26.1	6.39	24.8	3.93	26.4	5.14	26.1	6.71	26.3	5.38	40.0	2.15	26.0	6.78	27.1	6.43	27.5	6.14	27.5	6.50	26.1	6.81	26.1
20:40 05/11/2017	-6.2	5.60	5.99	0.9	2.0	3.9	5.09	23.9	8.03	26.2	5.28	23.2	5.14	26.1	6.39	24.8	3.92	26.4	5.14	26.1	6.71	26.3	5.38	40.4	2.15	26.0	6.78	27.0	6.43	27.3	6.14	27.4	6.50	26.1	6.81	26.1
20:50 05/11/2017	-6.2	5.59	5.99	0.9	2.2	4.0	5.09	23.9	8.03	26.2	5.28	23.2	5.14	26.1	6.39	24.8	3.91	26.4	5.14	26.1	6.71	26.3	5.38	40.9	2.15	26.0	6.77	26.8	6.43	27.2	6.14	27.3	6.49	26.1	6.81	26.1
21:00 05/11/2017	-6.2	5.58	5.99	1.0	2.4	4.2	5.08	23.9	8.03	26.2	5.29	23.2	5.14	26.1	6.39	24.7	3.90	26.4	5.14	26.1	6.71	26.3	5.39	41.0	2.15	26.0	6.77	26.7	6.43	27.1	6.13	27.2	6.49	26.1	6.82	26.1
21:10 05/11/2017	-6.2	5.57	5.99	1.0	2.1	4.3	5.08	23.9	8.03	26.2	5.29	23.2	5.14	26.1	6.39	24.7	3.88	26.4	5.14	26.1	6.71	26.3	5.39	40.9	2.15	26.0	6.77	26.6	6.43	27.0	6.13	27.0	6.48	26.1	6.82	26.1
21:20 05/11/2017	-6.2	5.56	5.99	0.9	2.3	3.8	5.07	23.9	8.03	26.2	5.29	23.2	5.13	26.1	6.38	24.7	3.87	26.4	5.14	26.1	6.71	26.3	5.39	41.0	2.15	26.0	6.77	26.5	6.43	26.8	6.13	27.0	6.48	26.1	6.82	26.1
21:30 05/11/2017	-6.2	5.55	5.99	0.9	2.3	4.1	5.07	23.9	8.03	26.2	5.29	23.2	5.13	26.1	6.38	24.7	3.86	26.4	5.14	26.1	6.71	26.3	5.39	40.8	2.15	26.0	6.77	26.5	6.43	26.8	6.13	26.9	6.47	26.1	6.82	26.1
21:40 05/11/2017	-6.2	5.54	5.99	0.9	2.5	3.9	5.07	24.0	8.04	26.2	5.29	24.0	5.12	26.1	6.38	24.7	3.85	26.4	5.13	26.1	6.70	26.3	5.38	41.0	2.15	26.0	6.77	26.7	6.42	27.1	6.13	27.0	6.47	26.1	6.82	26.1
21:50 05/11/2017	-6.2	5.53	5.99	0.9	2.4	3.6	5.06	24.2	8.04	26.2	5.28	24.3	5.12	26.2	6.37	24.7	3.84	26.5	5.12	26.1	6.70	26.3	5.37	41.1	2.15	26.0	6.77	26.8	6.42	27.5	6.12	27.2	6.46	26.1	6.82	26.2
22:00 05/11/2017	-6.2	5.52	5.99	1.0	2.6	4.2	5.06	24.4	8.04	26.3	5.28	24.5	5.11	26.2	6.37	24.7	3.83	26.5	5.11	26.2	6.70	26.3	5.37	41.0	2.15	26.0	6.76	27.1	6.42	27.7	6.12	27.4	6.46	26.1	6.82	26.2
22:10 05/11/2017	-6.2	5.51	5.99	1.0	2.3	3.8	5.05	24.6	8.05	26.3	5.26	24.6	5.11	26.2	6.37	24.7	3.82	26.5	5.11	26.2	6.69	26.3	5.36	41.0	2.15	26.0	6.76	27.3	6.41	28.0	6.12	27.7	6.46	26.1	6.82	26.2
22:20 05/11/2017	-6.2	5.50	5.99	0.9	2.0	4.1	5.05	24.6	8.05	26.3	5.26	24.5	5.11	26.2	6.37	24.7	3.81	26.5	5.11	26.2	6.69	26.4	5.36	40.5	2.15	26.0	6.76	27.5	6.41	28.2	6.12	27.8	6.46	26.2	6.81	26.2
22:30 05/11/2017	-6.2	5.50	5.99	0.9	2.6	4.3	5.05	24.6	8.05	26.3	5.27	24.0	5.11	26.1	6.37	24.7	3.80	26.5	5.13	26.2	6.70	26.3	5.37	40.7	2.15	26.0	6.76	27.5	6.41	28.1	6.12	27.8	6.46	26.2	6.81	26.2
22:40 05/11/2017	-6.2	5.50	6.00	0.9	2.4	4.2	5.04	24.5	8.05	26.3	5.27	23.7	5.11	26.1	6.37	24.7	3.80	26.5	5.14	26.2	6.70	26.3	5.37	40.7	2.15	26.0	6.76	27.3	6.41	27.8	6.12	27.7	6.46	26.2	6.81	26.2
22:50 05/11/2017	-6.2	5.49	6.00	0.9	2.5	4.0	5.04	24.3	8.05	26.3	5.28	23.6	5.11	26.1	6.37	24.7	3.79	26.4	5.14	26.2	6.70	26.3	5.37	40.6	2.15	26.0	6.76	27.2	6.41	27.6	6.11	27.6	6.46	26.2	6.81	26.2
23:00 05/11/2017	-6.2	5.49	6.00	1.0	2.4	4.3	5.04	24.3	8.05	26.3	5.28	23.5	5.10	26.1	6.37	24.6	3.78	26.4	5.15	26.1	6.70	26.3	5.37	40.7	2.15	26.0	6.76	27.1	6.41	27.4	6.11	27.5	6.46	26.2	6.81	26.2
23:10 05/11/2017	-6.2	5.48	6.00	1.0	1.9	3.8	5.03	24.2	8.04	26.3	5.28	23.4	5.10	26.1	6.37	24.6	3.77	26.4	5.15	26.1	6.70	26.3	5.37	40.5	2.15	26.0	6.76	27.0	6.41	27.3	6.11	27.4	6.45	26.2	6.81	26.1
23:20 05/11/2017	-6.2	5.47	6.00	1.0	2.1	4.1	5.03	24.1	8.04	26.3	5.29	23.3	5.10	26.1	6.37	24.6	3.77	26.4	5.15	26.1	6.70	26.3	5.38	40.1	2.15	26.0	6.76	26.8	6.41	27.1	6.11	27.3	6.45	26.1	6.81	26.1
23:30 05/11/2017	-6.2	5.47	6.00	0.8	2.5	3.2	5.02	24.1	8.04	26.2	5.29	23.3	5.10	26.1	6.37	24.6	3.75	26.4	5.15	26.1	6.70	26.3	5.38	40.1	2.15	25.9	6.76	26.7	6.41	27.0	6.11	27.2	6.45	26.1	6.81	26.1
23:40 05/11/2017	-6.2	5.46	6.00	1.0	2.2	3.6	5.02	24.0	8.04	26.2	5.29	23.2	5.09	26.0	6.37	24.6	3.75	26.3	5.15	26.1	6.70	26.3	5.38	40.2	2.15	25.9	6.76	26.6	6.41	26.9	6.11	27.1	6.44	26.1	6.81	26.1
23:50 05/11/2017	-6.2	5.45	6.00	1.0	2.4	3.9	5.01	24.0	8.04	26.2	5.29	23.2	5.09	26.0	6.37	24.6	3.74	26.3	5.15	26.1	6.70	26.3	5.38	40.3	2.15	25.9	6.75	26.5	6.41	26.7	6.11	27.0	6.44	26.1	6.81	26.1
00:00 05/12/2017	-6.2	5.45	6.00	1.0	2.5	3.6	5.01	24.0	8.04	26.2	5.30	23.2	5.09	26.0	6.37	24.6	3.72	26.3	5.15	26.1	6.70	26.3	5.38	40.5	2.15	25.9	6.75	26.5	6.41	27.0	6.10	27.0	6.43	26.1	6.81	26.1
00:10 05/12/2017	-6.2	5.44	6.00	0.9	2.2	3.4	5.01	24.0	8.04	26.2	5.30	23.2	5.09	26.0	6.37	24.5	3.71	26.3	5.15	26.1	6.70	26.3	5.38	41.1	2.15	25.9	6.75	26.7	6.41	27.2	6.10	27.2	6.43	26.1	6.81	26.1
00:20 05/12/2017	-6.2	5.43	6.00	1.0	2.6	4.3	5.00	24.0	8.04	26.2	5.30	23.2	5.08	26.8	6.37	24.5	3.70	26.6	5.15	26.1	6.70	26.3	5.39	41.1	2.15	25.9	6.75	26.8	6.41	27.5	6.10	27.3	6.42	26.1	6.81	26.1
00:30 05/12/2017	-6.2	5.42	6.00	1.0	2.4	4.2	5.00	23.9	8.04	26.2	5.30	23.1	5.08	27.6	6.37	24.6	3.69	26.8	5.16	26.1	6.70	26.3	5.39	40.9	2.15	25.9	6.75	27.0	6.41	27.7	6.10	27.5	6.42	26.1	6.82	26.1
00:40 05/12/2017	-6.2	5.42	6.00	1.0	2.4	4.2	4.99	23.9	8.04	26.2	5.30	23.1	5.08	27.1	6.37	24.6	3.67	26.8	5.16	26.0	6.69	26.2	5.39	41.0	2.15	25.9	6.75	27.1	6.40	28.0	6.10	27.6	6.41	26.1	6.82	26.1
00:50 05/12/2017	-6.2	5.41	6.00	0.8	2.4	4.3	4.99	23.8	8.04	26.2	5.30	23.0	5.08	26.8	6.37	24.6	3.66	26.6	5.16	26.0	6.69	26.2	5.39	39.9	2.15	25.9	6.75	27.3	6.40	28.1	6.10	27.8	6.41	26.1	6.82	26.1
01:00 05/12/2017	-6.2	5.40	6.00	0.8	2.5	4.2	4.98	23.8	8.04	26.2	5.29	23.0	5.07	26.6	6.37	24.6	3.65	26.5	5.16	26.0	6.69	26.2	5.40	40.1	2.15	25.9	6.75	27.4	6.40	28.2	6.09	27.9	6.40	26.1	6.82	26.1
01:10 05/12/2017	-6.2	5.39	6.00	0.8	2.4	3.3	4.98	23.8	8.04	26.2	5.29	23.0	5.07	26.5	6.37	24.6	3.63	26.5	5.16	26.0	6.69	26.2	5.40	40.2	2.15	26.0	6.75	27.3	6.40	27.8	6.09	27.8	6.40	26.1	6.82	26.0
01:20 05/12/2017	-6.2	5.38	6.00	0.9	2.4	3.7	4.97	23.8	8.04	26.1	5.29	23.0	5.07	26.3	6.37	24.6	3.62	26.4	5.16	26.0	6.69	26.2	5.40	40.4	2.15	25.9	6.75	27.2	6.40	27.7	6.09	27.7	6.39	26.1	6.83	26.0
01:30 05/12/2017	-6.2	5.38	6.00	1.0	2.4	4.1	4.97	23.8	8.04	26.1	5.28	22.9	5.07	26.3	6.37	24.6	3.61	26.4	5.16	25.9	6.69	26.2	5.40	41.7	2.15	25.9	6.75	27.1	6.40	27.5	6.09	27.6	6.39	26.1	6.83	26.0
01:40 05/12/2017	-6.2	5.37	6.00	0.9	2.4	3.7	4.97	23.8	8.04	26.1	5.28	22.9	5.07	26.2	6.37	24.6	3.59	26.3	5.16	25.9	6.69	26.1	5.41	41.6	2.15	25.9	6.75	27.0	6.40	27.3	6.09	27.4	6.38	26.1	6.83	26.0
01:50 05/12/2017	-6.2	5.36	6.00	0.8	2.5	3.7	4.96	23.8	8.04	26.1	5.27	22.8	5.06	26.1	6.37	24.6	3.58	26.3	5.16	25.9	6.69	26.1	5.41	41.4	2.15	25.9	6.75	26.8	6.40	27.2	6.09	27.3	6.38	26.0	6.83	26.0
02:00 05/12/2017	-6.2	5.35	6.00	1.0	2.5	4.1	4.96	23.7	8.04	26.1	5.27	22.8	5.06	26.1	6.37	24.5	3.57	26.3	5.16	25.9	6.69	26.1	5.41	41.7	2.15	25.9	6.75	26.7	6.40	27.0	6.09	27.2	6.37	26.0	6.83	26.0
02:10 05/12/2017	-6.2	5.34	6.00	0.9	2.2	3.9	4.95	23.9	8.04	26.1	5.26	23.3	5.05	26.1	6.36	24.5	3.55	26.3	5.15	25.9	6.69	26.2	5.40	41.3	2.15	25.9	6.74	26.6	6.39	27.0	6.08	27.1	6.37	26.0	6.84	26.1
02:20 05/12/2017	-6.2	5.32	6.00	0.8	2.3	4.1	4.95	24.1	8.05	26.1	5.25	23.7	5.04	26.1	6.35	24.6	3.52	26.3	5.13	25.9	6.68	26.2	5.39	40.3	2.15	25.9	6.74	26.6	6.39	26.8	6.08	27.0	6.36	26.0	6.84	26.1
02:30 05/12/2017	-6.2	5.31	6.00	0.9	2.4	3.6	4.94	24.3	8.05	26.2	5.23	24.0	5.03	26.1	6.35	24.6	3.51	26.3	5.12	26.0	6.68	26.2	5.38	41.4	2.15	25.9	6.73	26.5	6.38	26.8	6.08	27.0	6.36	26.1	6.83	26.1
02:40 05/12/2017	-6.2	5.30	6.00	0.8	1.8	3.9	4.94	24.4	8.06	26.2	5.23	23.9	5.03	26.1	6.35	24.6	3.50	26.3	5.12	26.0	6.68	26.2	5.38	41.7	2.15	25.9	6.73	26.5	6.38	26.9	6.08	27.0	6.36	26.1	6.83	26.1
02:50 05/12/2017	-6.2	5.30	6.00	0.9	2.4	3.5	4.94	24.3	8.05	26.2	5.23	23.5	5.04	26.0	6.35	24.6	3.51	26.3	5.14	26.0	6.68	26.2	5.39	41.7	2.15	26.0	6.73	26.6	6.38	27.2	6.08	27.1	6.36	26.1	6.83	26.1
03:00 05/12/2017	-6.2	5.30	6.01	0.8	2.5	3.6	4.94	24.2	8.05	26.2	5.23	23.3	5.04	26.0	6.36	24.6	3.51	26.3	5.15	26.0	6.68	26.2	5.39	41.5	2.15	25.9	6.73	26.8	6.39	27.5	6.07	27.3	6.36	26.1	6.83	26.1
03:10 05/12/2017	-6.2	5.30	6.01	0.9	2.4	3.6	4.93	24.1	8.05	26.1	5.24	23.2	5.04	26.0	6.36	24.5	3.51	26.2	5.16	25.9	6.68	26.2	5.39	41.7	2.15	25.9	6.73	27.0	6.39	27.7	6.07	27.5	6.36	26.0	6.83	26.1
03:20 05/12/2017	-6.2	5.29	6.01	0.8	2.4	3.6	4.93	24.1	8.05	26.1	5.24	23.1	5.04	26.0	6.36	24.5	3.50	26.2	5.16	25.9	6.68	26.2	5.39	42.3	2.15	25.9	6.73	27.1	6.39	27.9	6.07	27.6	6.36	26.0	6.82	26.0
03:30 05/12/2017	-6.2	5.28	6.01	0.8	2.0	3.4	4.93	24.0	8.05	26.1	5.24	23.0	5.04	26.0	6.36	24.5	3.49	26.2	5.17	25.9	6.68	26.1	5.39	42.1	2.15	25.9	6.73	27.3	6.39	28.1	6.07	27.8	6.36	26.0	6.82	26.0
03:40 05/12/2017	-6.2	5.28	6.01	0.8	2.4	4.1	4.92	24.0	8.05	26.1	5.24	23.0	5.03	27.0	6.36	24.5	3.49	26.5	5.17	25.9	6.68	26.1	5.39	41.2	2.15	25.9	6.73	27.5	6.39	28.2	6.07	27.9	6.36	26.0	6.82	26.0
03:50 05/12/2017	-6.2	5.27	6.01	0.9	2.5	4.2	4.92	23.9	8.04	26.1	5.24	23.0	5.03	27.6	6.36	24.5	3.48	26.7	5.17	25.8	6.68	26.1	5.39	41.1	2.15	25.8	6.73	27.3	6.39	28.0	6.07	27.8	6.35	26.0	6.82	26.0
04:00 05/12/2017	-6.2	5.26	6.01	0.9	2.5	3.6	4.92	23.8	8.04	26.1	5.24	23.0	5.03	27.1	6.36	24.6	3.47	26.7	5.17	25.8	6.68	26.1	5.39	40.6	2.15	25.9	6.73	27.2	6.38	27.7	6.07	27.7	6.35	26.0	6.82	26.0
04:10 05/12/2017	-6.2	5.25	6.00	0.8	2.5	4.1	4.91	24.0	8.05	26.1	5.24	23.0	5.02	26.8	6.36	24.6	3.45	26.5	5.17	25.9	6.68	26.1	5.39	40.0	2.15	25.9	6.73	27.1	6.38	27.6	6.06	27.6	6.35	26.0	6.83	26.0
04:20 05/12/2017	-6.2	5.25	6.00	1.0	2.3	4.1	4.91	24.1	8.05	26.1	5.23	23.2	5.01	26.6	6.35	24.7	3.43	26.5	5.16	25.9	6.68	26.1	5.39	40.6	2.15	25.9	6.73	27.0	6.38	27.4	6.06	27.5	6.34	26.0	6.83	26.0
04:30 05/12/2017	-6.2	5.24	6.00	0.8	2.2	3.5	4.90	24.2	8.05	26.2	5.23	23.3	5.01	26.5	6.35	24.7	3.42	26.5	5.15	26.0	6.68	26.2	5.38	40.7	2.15	26.0	6.73	26.8	6.38	27.2	6.06	27.3	6.34	26.0	6.83	26.0
04:40 05/12/2017	-6.2	5.23	6.00	0.7	2.5	4.1	4.90	24.2	8.05	26.2	5.23	23.4	5.00	26.5	6.35	24.8	3.41	26.5	5.15	26.0	6.67	26.2	5.38	40.6	2.15	26.0	6.73	26.7	6.38	27.1	6.06	27.2	6.34	26.0	6.83	26.1
04:50 05/12/2017	-6.2	5.22	6.00	0.7	2.3	3.6	4.90	24.3	8.05	26.2	5.22	23.5	5.00	26.4	6.35	24.8	3.39	26.5	5.15	26.0	6.67	26.2	5.38	40.8	2.15	26.0	6.72	26.7	6.38	27.0	6.06	27.1	6.33	26.0	6.83	26.1
05:00 05/12/2017	-6.2	5.21	6.00	0.9	2.4	4.2	4.89	24.3	8.06	26.2	5.22	23.6	4.99	26.4	6.35	24.9	3.38	26.5	5.14	26.1	6.67	26.3	5.37	40.8	2.15	26.0	6.72	26.6	6.37	26.8	6.06	27.0	6.33	26.0	6.83	26.1
05:10 05/12/2017	-6.2	5.20	6.00	0.9	2.5	3.6	4.89	24.5	8.06	26.3	5.22	23.6	4.99	26.3	6.34	25.0	3.38	26.5	5.14	26.1	6.67	26.3	5.37	40.7	2.15	26.0	6.72	26.5	6.37	26.7	6.05	26.9	6.33	26.1	6.83	26.1
05:20 05/12/2017	-6.2	5.19	6.00	0.8	2.3	4.1	4.89	24.5	8.06	26.3	5.22	23.7	4.99	26.3	6.34	25.0	3.37	26.5	5.14	26.1	6.67	26.3	5.37	40.7	2.15	26.0	6.72	26.6	6.37	27.0	6.05	27.0	6.33	26.1	6.83	26.1
05:30 05/12/2017	-6.2	5.18	6.00	0.8	2.5	3.9	4.88	24.6	8.06	26.3	5.22	23.8	4.98	26.3	6.34	25.0	3.36	26.5	5.14	26.1	6.67	26.3	5.37	40.9	2.15	26.1	6.72	26.7	6.37	27.3	6.05	27.2	6.33	26.1	6.83	26.1
05:40 05/12/2017	-6.2	5.17	6.00	0.9	2.3	4.0	4.88	24.6	8.06	26.3	5.22	23.8	4.98	26.3	6.34	25.1	3.35	26.5	5.14	26.1	6.67	26.3	5.36	41.0	2.15	26.1	6.72	26.9	6.37	27.6	6.05	27.3	6.32	26.1	6.83	26.1
05:50 05/12/2017	-6.2	5.17	6.00	0.9	2.2	4.2	4.88	24.6	8.06	26.3	5.21	23.8	4.97	26.3	6.34	25.1	3.35	26.5	5.15	26.1	6.67	26.3	5.36	41.0	2.15	26.1	6.72	27.1	6.37	27.8	6.05	27.5	6.32	26.2	6.83	26.1
06:00 05/12/2017	-6.2	5.16	6.00	0.8	2.4	4.1	4.87	24.6	8.06	26.3	5.21	24.0	4.97	26.3	6.34	25.2	3.34	26.5	5.15	26.2	6.67	26.3	5.36	41.1	2.15	26.1	6.71	27.3	6.37	28.0	6.03	27.7	6.32	26.1	6.83	26.1
06:10 05/12/2017	-6.2	5.16	6.00	0.7	2.2	3.9	4.87	24.6	8.06	26.3	5.21	24.1	4.97	26.3	6.34	25.3	3.34	26.5	5.15	26.2	6.67	26.3	5.36	41.1	2.15	26.1	6.71	27.5	6.36	28.2	6.04	27.8	6.32	26.1	6.83	26.1
06:20 05/12/2017	-6.2	5.15	6.00	0.8	2.5	4.1	4.87	24.7	8.06	26.4	5.21	24.1	4.97	26.5	6.34	26.0	3.33	26.6	5.15	26.2	6.66	26.4	5.35	41.0	2.15	26.1	6.71	27.5	6.36	28.0	6.04	27.7	6.32	26.1	6.83	26.1
06:30 05/12/2017	-6.2	5.14	6.00	0.8	2.4	3.8	4.87	24.7	8.06	26.4	5.21	24.2	4.96	26.7	6.34	26.8	3.33	26.8	5.15	26.2	6.66	26.4	5.35	40.7	2.15	26.1	6.71	27.4	6.36	27.8	6.04	27.7	6.32	26.1	6.83	26.1
06:40 05/12/2017	-6.2	5.13	6.00	0.8	2.5	4.1	4.86	24.8	8.06	26.4	5.21	24.3	4.96	26.6	6.34	26.9	3.32	26.7	5.15	26.2	6.66	26.4	5.35	40.8	2.15	26.1	6.71	27.3	6.36	27.5	6.04	27.6	6.32	26.1	6.82	26.1
06:50 05/12/2017	-6.2	5.13	6.00	0.8	2.2	3.5	4.86	24.9	8.06	26.4	5.21	24.5	4.95	26.6	6.34	26.8	3.31	26.7	5.15	26.2	6.66	26.4	5.35	40.7	2.15	26.2	6.71	27.0	6.36	27.1	6.02	27.3	6.32	26.1	6.82	26.1
07:00 05/12/2017	-6.2	5.12	6.00	0.8	2.3	3.5	4.86	25.0	8.06	26.4	5.20	24.8	4.95	26.6	6.34	26.8	3.31	26.6	5.15	26.2	6.66	26.4	5.34	41.6	2.15	26.2	6.70	26.6	6.36	26.7	6.02	27.0	6.31	26.1	6.82	26.1
07:10 05/12/2017	-6.2	5.11	6.00	0.7	2.1	4.1	4.86	25.1	8.06	26.4	5.20	24.8	4.95	26.5	6.34	26.7	3.30	26.6	5.15	26.2	6.66	26.0	5.34	40.6	2.15	26.2	6.70	26.4	6.35	26.5	6.02	26.8	6.31	26.1	6.82	26.1
07:20 05/12/2017	-6.2	5.10	6.00	0.8	2.3	4.1	4.85	25.2	8.06	26.3	5.20	24.9	4.95	26.5	6.33	26.7	3.30	26.5	5.15	26.1	6.66	26.1	5.33	41.2	2.15	26.1	6.70	26.4	6.35	26.5	6.02	26.8	6.31	26.1	6.82	26.1
07:30 05/12/2017	-6.2	5.09	5.98	0.9	2.5	3.8	4.85	25.2	8.06	26.3	5.20	25.0	4.95	26.5	6.33	26.6	3.30	26.5	5.15	26.1	6.66	26.6	5.33	41.3	2.15	26.2	6.70	26.3	6.35	26.5	6.02	26.7	6.31	26.1	6.82	26.1
07:40 05/12/2017	-6.2	5.09	5.98	0.9	2.3	3.8	4.85	25.2	8.06	26.3	5.20	24.7	4.95	26.4	6.33	26.5	3.29	26.3	5.15	26.1	6.66	27.1	5.33	41.3	2.15	26.3	6.70	26.3	6.35	26.5	6.02	26.7	6.31	26.0	6.82	26.1
07:50 05/12/2017	-6.2	5.09	5.98	0.8	2.4	4.0	4.85	25.2	8.06	26.3	5.21	24.8	4.95	26.3	6.33	26.5	3.29	26.3	5.15	26.1	6.66	27.2	5.33	41.6	2.15	26.3	6.69	26.2	6.35	26.4	6.02	26.6	6.31	26.0	6.82	26.1
08:00 05/12/2017	-6.2	5.08	5.98	0.9	2.4	4.0	4.84	25.0	8.06	26.3	5.21	24.7	4.95	26.3	6.33	26.4	3.28	26.2	5.15	26.1	6.66	27.2	5.32	41.5	2.15	26.3	6.69	26.2	6.35	26.3	6.01	26.6	6.31	26.0	6.82	26.1
08:10 05/12/2017	-6.2	5.08	5.98	0.7	2.5	3.6	4.84	24.9	8.06	26.2	5.21	24.7	4.95	26.3	6.34	26.3	3.28	26.2	5.15	26.1	6.66	27.3	5.32	41.6	2.15	26.3	6.69	26.2	6.35	26.3	6.01	26.5	6.31	26.0	6.82	26.1
08:20 05/12/2017	-6.2	5.07	5.98	0.8	2.4	3.9	4.84	24.8	8.05	26.2	5.21	24.6	4.94	26.2	6.34	26.3	3.28	26.2	5.15	26.1	6.66	27.4	5.32	41.1	2.15	26.3	6.69	26.1	6.35	26.2	6.01	26.5	6.31	25.9	6.82	26.1
08:30 05/12/2017	-6.2	5.06	5.98	0.8	2.5	3.5	4.83	24.7	8.05	26.2	5.21	24.7	4.94	26.2	6.34	26.3	3.27	26.2	5.15	26.1	6.66	27.5	5.32	41.2	2.15	26.3	6.69	26.1	6.35	26.2	6.01	26.4	6.31	25.9	6.82	26.0
08:40 05/12/2017	-6.2	5.06	5.98	0.8	2.2	4.0	4.83	24.6	8.05	26.2	5.21	24.7	4.94	26.3	6.34	26.2	3.27	26.2	5.15	26.1	6.66	27.6	5.32	41.6	2.15	26.3	6.69	26.0	6.35	26.2	6.01	26.4	6.31	25.9	6.82	26.0
08:50 05/12/2017	-6.2	5.06	5.98	0.8	2.5	4.1	4.83	24.6	8.05	26.2	5.21	24.7	4.94	26.3	6.34	26.2	3.26	26.3	5.15	26.1	6.66	27.6	5.31	41.3	2.15	26.3	6.69	26.0	6.35	26.1	6.01	26.3	6.30	25.9	6.82	26.0
09:00 05/12/2017	-6.2	5.05	5.98	0.7	2.3	4.0	4.82	24.6	8.05	26.3	5.21	24.7	4.94	26.3	6.34	26.2	3.26	26.4	5.15	26.1	6.66	27.3	5.31	39.5	2.15	26.4	6.68	26.0	6.35	26.1	6.01	26.3	6.30	26.0	6.82	26.0
09:10 05/12/2017	-6.2	5.05	5.98	0.7	1.9	3.7	4.82	24.6	8.05	26.3	5.22	24.7	4.93	26.3	6.34	26.2	3.25	26.4	5.15	26.2	6.66	27.3	5.31	41.2	2.15	26.4	6.68	26.2	6.35	26.5	6.00	26.6	6.30	26.0	6.82	25.9
09:20 05/12/2017	-6.2	5.04	5.98	0.7	2.2	4.1	4.82	24.6	8.04	26.3	5.22	24.7	4.93	26.3	6.34	26.2	3.25	26.5	5.15	26.2	6.65	27.6	5.31	41.5	2.15	26.4	6.68	26.5	6.35	26.9	6.00	26.7	6.30	26.0	6.82	25.9
09:30 05/12/2017	-6.2	5.03	5.98	0.7	2.2	3.9	4.81	24.6	8.04	26.3	5.22	24.8	4.93	26.3	6.34	26.2	3.24	26.5	5.15	26.2	6.65	27.5	5.31	41.6	2.15	26.4	6.68	26.7	6.35	27.2	6.00	27.0	6.30	26.0	6.82	25.9
09:40 05/12/2017	-6.2	5.03	5.98	0.8	2.5	3.9	4.81	24.7	8.04	26.3	5.22	24.8	4.92	26.3	6.34	26.2	3.24	26.5	5.15	26.2	6.65	27.3	5.30	41.2	2.15	26.5	6.68	26.7	6.35	27.0	6.00	27.0	6.30	26.0	6.82	26.0
09:50 05/12/2017	-6.2	5.02	5.98	0.8	2.1	3.7	4.81	24.6	8.04	26.3	5.22	24.8	4.92	26.3	6.34	26.2	3.24	26.5	5.15	26.2	6.65	27.3	5.30	40.0	2.15	26.5	6.68	26.6	6.35	26.9	6.00	27.0	6.30	26.0	6.82	25.9
10:00 05/12/2017	-6.2	5.01	5.98	0.8	2.4	3.8	4.81	24.6	8.04	26.3	5.22	24.8	4.92	26.3	6.34	26.2	3.23	26.5	5.15	26.2	6.65	27.6	5.30	40.1	2.15	26.5	6.68	26.6	6.35	26.8	6.00	26.8	6.30	26.0	6.82	25.9
10:10 05/12/2017	-6.2	5.01	5.98	0.8	2.3	4.1	4.80	24.6	8.04	26.3	5.22	24.7	4.92	26.2	6.34	26.2	3.23	26.5	5.15	26.2	6.65	27.5	5.30	40.1	2.15	26.5	6.68	26.5	6.34	26.7	6.00	26.8	6.30	26.0	6.82	25.7
10:20 05/12/2017	-6.2	5.00	5.98	0.8	2.2	3.7	4.80	24.4	8.03	26.3	5.23	24.6	4.92	26.2	6.34	26.2	3.23	26.4	5.15	26.2	6.65	27.2	5.30	40.2	2.15	26.5	6.66	26.5	6.34	26.6	5.99	26.7	6.30	26.0	6.82	25.7
10:30 05/12/2017	-6.2	5.00	5.98	0.8	2.1	4.0	4.80	24.3	8.03	26.2	5.23	24.5	4.92	26.2	6.34	26.2	3.23	26.3	5.15	26.2	6.65	27.5	5.30	41.0	2.15	26.5	6.66	26.4	6.33	26.6	5.99	26.7	6.30	26.0	6.82	25.7
10:40 05/12/2017	-6.2	4.99	5.98	0.8	2.5	3.5	4.79	24.3	8.03	26.2	5.23	24.6	4.91	26.2	6.34	26.2	3.22	26.3	5.15	26.2	6.65	27.6	5.30	40.4	2.15	26.5	6.66	26.3	6.33	26.5	5.99	26.7	6.29	26.0	6.82	25.7
10:50 05/12/2017	-6.2	4.98	5.98	0.8	2.4	4.1	4.79	24.3	8.03	26.2	5.23	24.6	4.91	26.2	6.34	26.2	3.22	26.3	5.15	26.2	6.65	27.5	5.29	41.3	2.15	26.5	6.66	26.3	6.33	26.4	5.99	26.6	6.29	25.9	6.82	25.7
11:00 05/12/2017	-6.2	4.98	5.98	0.7	2.3	3.4	4.79	24.3	8.03	26.2	5.23	24.6	4.91	26.2	6.34	26.2	3.22	26.3	5.15	26.2	6.65	27.2	5.29	41.2	2.15	26.5	6.66	26.2	6.33	26.3	5.99	26.6	6.29	25.9	6.82	25.6
11:10 05/12/2017	-6.2	4.97	5.98	0.8	2.0	4.1	4.78	24.3	8.03	26.2	5.23	24.5	4.91	26.2	6.34	26.2	3.21	26.3	5.15	26.1	6.65	27.3	5.29	41.4	2.15	26.5	6.66	26.2	6.33	26.3	5.99	26.5	6.29	25.9	6.82	25.6
11:20 05/12/2017	-6.2	4.96	5.98	0.9	2.5	3.7	4.78	24.3	8.03	26.2	5.23	24.5	4.91	26.2	6.34	26.1	3.21	26.3	5.15	26.1	6.65	27.5	5.29	38.9	2.15	26.4	6.66	26.2	6.33	26.3	5.98	26.5	6.29	25.9	6.82	25.6
11:30 05/12/2017	-6.2	4.96	5.98	0.8	2.3	3.3	4.78	24.2	8.02	26.2	5.24	24.4	4.90	26.2	6.34	26.1	3.21	26.3	5.15	26.1	6.65	27.4	5.29	39.3	2.15	26.3	6.66	26.1	6.33	26.2	5.98	26.4	6.29	25.9	6.81	25.6
11:40 05/12/2017	-6.2	4.96	5.98	0.8	2.0	3.5	4.78	24.2	8.02	26.1	5.24	24.5	4.90	26.2	6.34	26.1	3.21	26.3	5.15	26.1	6.65	27.2	5.28	39.4	2.15	26.3	6.65	26.1	6.33	26.2	5.98	26.4	6.29	25.9	6.81	25.6
11:50 05/12/2017	-6.2	4.95	5.98	0.6	2.4	4.1	4.77	24.2	8.02	26.1	5.24	24.5	4.90	26.2	6.35	26.1	3.20	26.3	5.15	26.1	6.65	27.3	5.28	39.6	2.15	26.3	6.65	26.0	6.33	26.1	5.98	26.3	6.29	25.9	6.81	25.6
12:00 05/12/2017	-6.2	4.94	5.98	0.7	2.4	4.1	4.77	24.2	8.02	26.2	5.24	24.5	4.90	26.2	6.35	26.1	3.20	26.3	5.15	26.1	6.65	27.6	5.28	39.8	2.15	26.3	6.65	26.0	6.33	26.1	5.98	26.3	6.29	25.9	6.81	25.6
12:10 05/12/2017	-6.2	4.94	5.98	0.7	2.4	3.9	4.77	24.3	8.02	26.2	5.24	24.5	4.89	26.2	6.35	26.1	3.20	26.3	5.15	26.1	6.65	27.5	5.28	39.8	2.15	26.3	6.65	26.1	6.32	26.4	5.98	26.4	6.29	25.9	6.81	25.7
12:20 05/12/2017	-6.2	4.93	5.98	0.8	2.4	3.1	4.76	24.3	8.02	26.2	5.24	24.5	4.89	26.2	6.35	26.1	3.19	26.3	5.15	26.2	6.65	27.3	5.28	39.7	2.15	26.3	6.65	26.3	6.32	26.7	5.98	26.7	6.29	25.9	6.81	25.7
12:30 05/12/2017	-6.2	4.92	5.98	0.8	2.4	4.1	4.76	24.3	8.02	26.2	5.24	24.5	4.89	26.2	6.35	26.1	3.19	26.3	5.15	26.2	6.65	27.3	5.27	40.1	2.15	26.5	6.65	26.6	6.32	27.1	5.97	26.9	6.29	25.9	6.81	25.7
12:40 05/12/2017	-6.2	4.92	5.98	0.7	2.5	4.0	4.76	24.3	8.02	26.2	5.24	24.5	4.89	26.2	6.35	26.1	3.19	26.4	5.15	26.2	6.65	27.6	5.27	40.4	2.15	26.5	6.65	26.7	6.32	27.1	5.97	27.0	6.29	26.0	6.81	25.7
12:50 05/12/2017	-6.2	4.91	5.98	0.8	2.3	4.1	4.76	24.3	8.02	26.2	5.24	24.5	4.88	26.2	6.35	26.1	3.18	26.4	5.15	26.2	6.64	27.5	5.27	40.4	2.15	26.5	6.64	26.6	6.32	27.0	5.97	26.9	6.29	26.0	6.81	25.7
13:00 05/12/2017	-6.2	4.90	5.98	0.8	2.2	3.9	4.75	24.3	8.02	26.2	5.24	24.5	4.88	26.2	6.35	26.1	3.18	26.4	5.15	26.2	6.64	27.2	5.27	40.4	2.15	26.5	6.64	26.6	6.32	26.8	5.97	26.9	6.28	26.0	6.81	25.7
13:10 05/12/2017	-6.2	4.89	5.98	0.7	2.2	3.4	4.75	24.3	8.02	26.2	5.24	24.5	4.88	26.2	6.35	26.1	3.18	26.4	5.15	26.3	6.64	27.3	5.27	39.9	2.15	26.5	6.64	26.6	6.32	26.7	5.97	26.8	6.28	26.0	6.80	25.7
13:20 05/12/2017	-6.2	4.89	5.98	0.8	2.3	3.9	4.75	24.3	8.02	26.3	5.24	24.5	4.88	26.2	6.35	26.1	3.17	26.5	5.15	26.3	6.64	27.6	5.27	40.1	2.15	26.5	6.64	26.5	6.32	26.7	5.97	26.8	6.28	26.0	6.80	25.8
13:30 05/12/2017	-6.2	4.88	5.98	0.8	2.4	3.8	4.74	24.3	8.01	26.3	5.24	24.5	4.87	26.2	6.35	26.2	3.17	26.5	5.15	26.3	6.64	27.5	5.26	39.8	2.15	26.5	6.64	26.5	6.31	26.6	5.96	26.8	6.28	26.0	6.80	25.8
13:40 05/12/2017	-6.2	4.87	5.98	0.8	2.4	3.9	4.74	24.3	8.01	26.3	5.24	24.5	4.87	26.2	6.35	26.2	3.17	26.5	5.15	26.3	6.64	27.2	5.26	41.4	2.15	26.5	6.64	26.4	6.31	26.6	5.96	26.7	6.28	26.0	6.80	25.8
13:50 05/12/2017	-6.2	4.87	5.98	0.9	2.5	4.1	4.74	24.3	8.01	26.3	5.24	24.5	4.87	26.2	6.35	26.2	3.16	26.5	5.15	26.3	6.64	27.5	5.26	40.3	2.15	26.5	6.64	26.3	6.31	26.5	5.96	26.7	6.28	26.0	6.80	25.8
14:00 05/12/2017	-6.2	4.87	5.98	0.8	2.4	4.0	4.74	24.3	8.01	26.3	5.24	24.5	4.87	26.2	6.35	26.2	3.16	26.5	5.15	26.3	6.64	27.5	5.26	41.4	2.15	26.5	6.63	26.3	6.31	26.5	5.96	26.6	6.28	26.0	6.80	25.8
14:10 05/12/2017	-6.2	4.86	5.98	0.8	2.1	3.6	4.73	24.4	8.01	26.3	5.24	24.7	4.86	26.2	6.35	26.2	3.16	26.5	5.16	26.3	6.64	27.2	5.26	41.1	2.15	26.5	6.63	26.3	6.31	26.4	5.96	26.6	6.28	26.1	6.80	25.8
14:20 05/12/2017	-6.2	4.85	5.98	0.8	2.5	3.9	4.73	24.5	8.01	26.3	5.24	24.7	4.86	26.2	6.35	26.2	3.15	26.5	5.15	26.3	6.64	27.4	5.25	41.2	2.15	26.5	6.63	26.2	6.31	26.3	5.96	26.6	6.28	26.1	6.80	25.8
14:30 05/12/2017	-6.2	4.85	5.98	0.8	2.2	4.1	4.73	24.5	8.01	26.3	5.24	24.6	4.86	26.3	6.35	26.2	3.15	26.5	5.17	26.3	6.64	27.6	5.25	41.1	2.15	26.5	6.63	26.2	6.31	26.3	5.96	26.5	6.28	26.1	6.79	25.8
14:40 05/12/2017	-6.2	4.84	5.98	0.8	2.5	3.9	4.72	24.5	8.01	26.3	5.24	24.6	4.86	26.3	6.35	26.2	3.15	26.5	5.17	26.3	6.64	27.3	5.25	40.3	2.15	26.5	6.63	26.1	6.30	26.3	5.95	26.5	6.28	26.1	6.79	25.8
14:50 05/12/2017	-6.2	4.83	5.98	0.8	2.5	4.0	4.72	24.5	8.01	26.3	5.24	24.6	4.85	26.3	6.35	26.2	3.14	26.5	5.17	26.3	6.63	27.4	5.25	40.8	2.15	26.5	6.63	26.1	6.30	26.2	5.95	26.4	6.28	26.1	6.79	25.8
15:00 05/12/2017	-6.2	4.83	5.98	0.8	2.5	3.3	4.72	24.5	8.01	26.3	5.24	24.6	4.85	26.3	6.35	26.2	3.14	26.5	5.17	26.3	6.63	27.6	5.25	41.0	2.15	26.5	6.63	26.1	6.30	26.2	5.95	26.4	6.28	26.1	6.79	25.9
15:10 05/12/2017	-6.2	4.82	5.98	0.8	2.2	4.2	4.72	24.5	8.01	26.4	5.25	24.6	4.85	26.3	6.35	26.2	3.14	26.6	5.17	26.3	6.63	27.3	5.24	41.0	2.15	26.5	6.63	26.0	6.30	26.2	5.95	26.3	6.28	26.1	6.79	25.9
15:20 05/12/2017	-6.2	4.81	5.98	0.8	2.5	3.9	4.71	24.4	8.00	26.4	5.25	24.5	4.85	26.3	6.35	26.2	3.13	26.6	5.17	26.3	6.63	27.2	5.24	40.8	2.15	26.5	6.63	26.0	6.30	26.1	5.95	26.3	6.28	26.1	6.79	25.9
15:30 05/12/2017	-6.2	4.81	5.98	0.9	2.5	3.9	4.71	24.4	8.00	26.4	5.25	24.4	4.85	26.4	6.35	26.2	3.13	26.6	5.17	26.3	6.63	27.5	5.24	40.7	2.15	26.5	6.63	26.0	6.30	26.1	5.95	26.3	6.27	26.1	6.79	25.9
15:40 05/12/2017	-6.2	4.80	5.98	0.9	2.0	3.2	4.71	24.3	8.00	26.4	5.25	24.4	4.84	26.4	6.35	26.2	3.13	26.6	5.17	26.3	6.63	27.4	5.24	40.7	2.15	26.5	6.62	26.1	6.30	26.4	5.95	26.4	6.27	26.2	6.79	25.9
15:50 05/12/2017	-6.2	4.79	5.98	0.8	2.6	4.0	4.71	24.3	8.00	26.4	5.25	24.4	4.84	26.4	6.35	26.3	3.13	26.6	5.17	26.3	6.63	27.2	5.24	38.4	2.15	26.5	6.62	26.3	6.30	26.7	5.94	26.6	6.27	26.2	6.79	26.0
16:00 05/12/2017	-6.2	4.79	5.98	0.9	2.5	3.9	4.70	24.3	8.00	26.4	5.25	24.5	4.84	26.4	6.35	26.3	3.12	26.6	5.17	26.3	6.63	27.3	5.24	38.6	2.15	26.5	6.62	26.6	6.30	27.1	5.94	26.8	6.27	26.2	6.79	26.0
16:10 05/12/2017	-6.2	4.78	5.98	0.8	2.5	3.9	4.70	24.2	8.00	26.4	5.25	24.5	4.84	26.3	6.35	26.2	3.12	26.6	5.17	26.3	6.63	27.6	5.24	41.6	2.15	26.5	6.62	26.6	6.30	27.1	5.94	26.9	6.27	26.1	6.78	26.0
16:20 05/12/2017	-6.2	4.78	5.98	0.9	2.4	4.2	4.70	24.3	8.00	26.4	5.26	24.6	4.84	26.3	6.35	26.2	3.13	26.6	5.18	26.3	6.63	27.3	5.24	41.2	2.15	26.5	6.62	26.6	6.30	27.0	5.94	26.8	6.27	26.1	6.78	26.0
16:30 05/12/2017	-6.2	4.77	5.98	0.8	2.4	4.1	4.70	24.3	7.99	26.4	5.26	24.6	4.84	26.3	6.35	26.1	3.13	26.6	5.18	26.3	6.63	27.2	5.24	41.3	2.15	26.5	6.62	26.6	6.30	26.8	5.94	26.8	6.27	26.1	6.78	26.1
16:40 05/12/2017	-6.2	4.77	5.98	0.8	2.2	4.1	4.69	24.2	7.99	26.4	5.27	24.5	4.84	26.3	6.35	26.1	3.13	26.6	5.18	26.3	6.63	27.5	5.24	41.2	2.15	26.5	6.62	26.6	6.30	26.8	5.94	26.8	6.27	26.1	6.78	26.2
16:50 05/12/2017	-6.2	4.77	5.98	0.8	2.3	3.9	4.69	24.2	7.99	26.4	5.27	24.5	4.84	26.3	6.35	26.1	3.13	26.6	5.19	26.3	6.63	27.6	5.24	41.2	2.15	26.5	6.62	26.5	6.29	26.7	5.94	26.7	6.27	26.2	6.78	26.3
17:00 05/12/2017	-6.2	4.77	5.98	0.9	2.5	3.8	4.69	24.1	7.99	26.4	5.27	24.2	4.84	26.3	6.35	26.1	3.13	26.7	5.19	26.3	6.63	27.3	5.24	39.9	2.15	26.6	6.62	26.4	6.30	26.6	5.94	26.7	6.27	26.2	6.78	26.3
17:10 05/12/2017	-6.2	4.76	5.99	0.9	2.6	3.9	4.69	24.0	7.99	26.4	5.28	23.8	4.84	26.3	6.36	26.0	3.14	26.7	5.19	26.3	6.63	27.2	5.24	40.9	2.15	26.5	6.62	26.3	6.30	26.5	5.94	26.6	6.27	26.2	6.78	26.4
17:20 05/12/2017	-6.2	4.76	5.99	0.9	2.3	4.1	4.69	23.7	7.98	26.4	5.28	23.6	4.84	26.2	6.36	26.0	3.14	26.7	5.20	26.3	6.63	27.5	5.24	40.7	2.15	26.5	6.62	26.2	6.30	26.3	5.94	26.5	6.27	26.2	6.78	26.4
17:30 05/12/2017	-6.2	4.75	5.99	0.9	2.3	3.4	4.68	23.6	7.98	26.4	5.29	23.4	4.84	26.2	6.36	26.0	3.15	26.7	5.20	26.3	6.63	27.6	5.25	40.6	2.15	26.5	6.62	26.1	6.30	26.3	5.94	26.5	6.27	26.1	6.78	26.4
17:40 05/12/2017	-6.2	4.75	5.99	0.9	2.4	3.8	4.68	23.5	7.98	26.4	5.30	23.3	4.84	26.2	6.36	26.0	3.14	26.7	5.20	26.3	6.63	27.3	5.25	40.2	2.15	26.5	6.62	26.1	6.30	26.2	5.94	26.3	6.27	26.1	6.78	26.4
17:50 05/12/2017	-6.2	4.74	5.99	0.9	2.5	3.6	4.68	23.4	7.98	26.4	5.30	23.3	4.84	26.2	6.36	25.9	3.14	26.7	5.21	26.3	6.63	27.2	5.25	40.3	2.15	26.5	6.62	26.0	6.30	26.1	5.94	26.3	6.27	26.1	6.78	26.5
18:00 05/12/2017	-6.2	4.73	5.99	0.9	2.4	3.9	4.68	23.3	7.98	26.3	5.31	23.2	4.84	26.2	6.36	25.9	3.14	26.7	5.21	26.3	6.63	27.5	5.25	40.2	2.15	26.5	6.62	26.0	6.30	26.1	5.93	26.2	6.27	26.1	6.78	26.5
18:10 05/12/2017	-6.2	4.73	5.99	0.8	2.2	4.1	4.67	23.3	7.98	26.3	5.31	23.2	4.84	26.2	6.36	25.9	3.14	26.7	5.21	26.3	6.63	27.6	5.25	39.3	2.15	26.5	6.62	26.1	6.30	26.5	5.93	26.3	6.27	26.1	6.78	26.5
18:20 05/12/2017	-6.2	4.72	5.99	0.9	2.0	3.6	4.67	23.3	7.98	26.3	5.31	23.2	4.83	26.2	6.36	25.8	3.13	26.7	5.21	26.3	6.63	27.3	5.25	40.2	2.15	26.5	6.62	26.3	6.30	26.8	5.93	26.5	6.27	26.1	6.78	26.5
18:30 05/12/2017	-6.2	4.71	5.99	0.9	2.4	4.1	4.67	23.3	7.98	26.3	5.32	23.2	4.83	26.2	6.36	25.8	3.13	26.7	5.21	26.3	6.63	27.2	5.25	40.2	2.15	26.5	6.62	26.5	6.30	27.1	5.93	26.7	6.27	26.1	6.78	26.5
18:40 05/12/2017	-6.2	4.70	5.99	0.8	2.2	4.1	4.66	23.3	7.99	26.3	5.32	23.3	4.83	26.2	6.36	25.8	3.12	26.7	5.21	26.3	6.63	27.5	5.26	40.1	2.15	26.4	6.62	26.6	6.30	27.1	5.93	26.8	6.26	26.1	6.78	26.5
18:50 05/12/2017	-6.2	4.69	5.99	0.9	2.5	3.5	4.66	23.3	7.99	26.3	5.33	23.3	4.82	26.1	6.36	25.8	3.11	26.7	5.21	26.3	6.63	27.5	5.26	40.0	2.15	26.5	6.62	26.5	6.30	26.9	5.93	26.7	6.26	26.1	6.78	26.5
19:00 05/12/2017	-6.2	4.69	5.99	0.8	2.3	3.6	4.66	23.5	7.99	26.3	5.33	23.3	4.82	26.1	6.36	25.9	3.11	26.7	5.21	26.3	6.64	27.3	5.26	39.9	2.15	26.5	6.62	26.4	6.30	26.6	5.93	26.6	6.26	26.1	6.78	26.5
19:10 05/12/2017	-6.2	4.68	5.99	0.7	2.6	4.2	4.65	23.5	7.99	26.4	5.34	23.4	4.82	26.1	6.36	25.8	3.10	26.7	5.21	26.2	6.64	27.3	5.26	39.8	2.15	26.5	6.62	26.3	6.30	26.5	5.93	26.6	6.26	26.1	6.78	26.5
19:20 05/12/2017	-6.2	4.67	6.00	0.8	2.6	4.2	4.65	23.5	7.99	26.4	5.34	23.4	4.82	26.1	6.36	25.8	3.09	26.7	5.21	26.3	6.64	27.5	5.26	39.8	2.15	26.5	6.62	26.2	6.30	26.4	5.93	26.5	6.25	26.2	6.78	26.5
19:30 05/12/2017	-6.2	4.67	6.00	0.8	2.3	3.2	4.65	23.5	7.99	26.4	5.34	23.4	4.81	26.1	6.36	25.8	3.09	26.7	5.21	26.3	6.64	27.5	5.26	39.7	2.15	26.5	6.62	26.1	6.30	26.3	5.93	26.4	6.25	26.2	6.79	26.5
19:40 05/12/2017	-6.2	4.67	6.00	0.8	2.5	4.1	4.65	23.5	7.99	26.4	5.35	23.4	4.81	26.1	6.36	25.8	3.08	26.7	5.21	26.3	6.64	27.3	5.27	39.7	2.15	26.5	6.62	26.0	6.30	26.2	5.92	26.3	6.25	26.2	6.79	26.5
19:50 05/12/2017	-6.2	4.66	6.00	0.9	2.5	3.8	4.64	23.5	7.99	26.4	5.35	23.4	4.81	26.1	6.36	25.8	3.08	26.7	5.22	26.3	6.64	27.3	5.27	39.2	2.15	26.5	6.62	26.0	6.30	26.1	5.92	26.2	6.25	26.2	6.79	26.5
20:00 05/12/2017	-6.2	4.66	6.00	0.9	2.4	4.0	4.64	23.5	8.00	26.4	5.36	23.7	4.80	26.1	6.36	25.8	3.06	26.7	5.22	26.3	6.64	27.6	5.27	37.4	2.15	26.5	6.62	26.0	6.30	26.2	5.92	26.2	6.24	26.2	6.79	26.6
20:10 05/12/2017	-6.2	4.65	6.01	0.9	2.2	3.9	4.64	23.6	8.00	26.4	5.36	23.7	4.80	26.1	6.36	25.8	3.05	26.7	5.22	26.3	6.64	27.5	5.27	36.8	2.15	26.5	6.62	26.1	6.30	26.5	5.92	26.4	6.24	26.2	6.79	26.5
20:20 05/12/2017	-6.2	4.65	6.01	1.0	2.4	4.1	4.64	23.6	8.00	26.4	5.36	23.7	4.80	26.1	6.36	25.8	3.04	26.7	5.22	26.3	6.64	27.2	5.28	38.4	2.15	26.5	6.62	26.3	6.30	26.8	5.92	26.6	6.23	26.2	6.79	26.5
20:30 05/12/2017	-6.2	4.64	6.01	0.9	2.5	4.2	4.63	23.6	8.00	26.4	5.37	23.7	4.80	26.1	6.36	25.8	3.03	26.7	5.22	26.3	6.64	27.3	5.28	37.5	2.15	26.5	6.62	26.5	6.30	27.1	5.92	26.7	6.23	26.2	6.80	26.5
20:40 05/12/2017	-6.2	4.63	6.01	0.8	2.2	4.3	4.63	23.6	8.00	26.4	5.37	23.6	4.79	26.1	6.35	25.8	3.03	26.7	5.22	26.3	6.64	27.5	5.28	37.3	2.15	26.5	6.62	26.6	6.30	27.1	5.92	26.8	6.23	26.2	6.80	26.6
20:50 05/12/2017	-6.2	4.62	6.01	0.9	2.6	4.0	4.63	23.6	8.00	26.4	5.38	23.6	4.79	26.1	6.35	25.8	3.02	26.7	5.22	26.3	6.64	27.3	5.28	37.4	2.15	26.5	6.62	26.5	6.30	26.8	5.92	26.7	6.22	26.2	6.80	26.5
21:00 05/12/2017	-6.2	4.62	6.01	0.9	2.5	4.0	4.62	23.6	8.00	26.4	5.38	23.7	4.79	26.1	6.35	25.8	3.02	26.7	5.22	26.3	6.64	27.2	5.29	36.7	2.15	26.5	6.62	26.3	6.29	26.7	5.91	26.6	6.22	26.2	6.80	26.5
21:10 05/12/2017	-6.2	4.61	6.01	0.9	2.4	4.2	4.62	23.7	8.01	26.4	5.38	23.7	4.79	26.1	6.35	25.8	3.01	26.7	5.23	26.3	6.65	27.5	5.29	37.3	2.15	26.5	6.62	26.2	6.29	26.5	5.91	26.6	6.22	26.2	6.80	26.5
21:20 05/12/2017	-6.2	4.60	6.01	0.9	2.5	4.1	4.62	23.7	8.01	26.4	5.39	23.8	4.78	26.1	6.35	25.8	3.00	26.7	5.23	26.3	6.65	27.6	5.29	36.7	2.15	26.5	6.62	26.1	6.29	26.4	5.91	26.5	6.21	26.2	6.80	26.5
21:30 05/12/2017	-6.2	4.59	6.01	0.9	2.5	4.1	4.62	23.7	8.01	26.4	5.39	23.8	4.78	26.1	6.35	25.8	3.00	26.7	5.23	26.3	6.65	27.3	5.30	37.5	2.15	26.5	6.62	26.0	6.29	26.3	5.91	26.4	6.21	26.2	6.80	26.5
21:40 05/12/2017	-6.2	4.59	6.01	0.9	2.2	3.8	4.61	23.7	8.01	26.4	5.40	23.8	4.78	26.1	6.35	25.8	2.99	26.7	5.23	26.3	6.65	27.2	5.30	39.1	2.15	26.5	6.62	25.9	6.29	26.2	5.91	26.3	6.21	26.2	6.81	26.5
21:50 05/12/2017	-6.2	4.58	6.01	0.7	2.3	4.0	4.61	23.7	8.01	26.4	5.40	23.7	4.78	26.1	6.35	25.8	2.98	26.7	5.23	26.3	6.65	27.5	5.30	39.3	2.15	26.5	6.62	25.8	6.29	26.1	5.91	26.2	6.20	26.2	6.81	26.5
22:00 05/12/2017	-6.2	4.58	6.01	0.8	2.4	3.7	4.61	23.7	8.01	26.4	5.40	23.7	4.77	26.1	6.35	25.8	2.98	26.7	5.23	26.3	6.65	27.6	5.30	40.7	2.15	26.5	6.62	25.8	6.29	26.3	5.91	26.3	6.20	26.2	6.81	26.5
22:10 05/12/2017	-6.2	4.57	6.01	1.0	2.3	4.2	4.61	23.7	8.01	26.4	5.40	23.8	4.77	26.1	6.35	25.8	2.98	26.7	5.23	26.3	6.65	27.4	5.30	41.1	2.15	26.5	6.62	26.1	6.29	26.6	5.91	26.4	6.20	26.2	6.81	26.5
22:20 05/12/2017	-6.2	4.57	6.01	1.0	2.1	4.0	4.60	23.7	8.01	26.4	5.41	23.7	4.77	26.1	6.35	25.8	2.97	26.7	5.23	26.3	6.65	27.2	5.31	39.3	2.15	26.5	6.62	26.3	6.29	26.9	5.91	26.6	6.19	26.2	6.81	26.5
22:30 05/12/2017	-6.2	4.56	6.01	1.0	2.6	4.2	4.60	23.7	8.01	26.4	5.41	23.8	4.77	26.1	6.35	25.8	2.96	26.7	5.24	26.2	6.65	27.5	5.31	39.5	2.15	26.5	6.62	26.5	6.29	27.1	5.90	26.7	6.19	26.2	6.82	26.5
22:40 05/12/2017	-6.2	4.55	6.02	1.0	2.2	4.0	4.60	23.7	8.01	26.4	5.41	23.8	4.77	26.1	6.35	25.8	2.96	26.7	5.24	26.2	6.65	27.6	5.31	39.9	2.15	26.5	6.62	26.5	6.29	27.0	5.90	26.7	6.19	26.2	6.82	26.5
22:50 05/12/2017	-6.2	4.54	6.02	0.9	2.4	3.6	4.60	23.8	8.02	26.4	5.41	23.8	4.76	26.1	6.35	25.8	2.95	26.7	5.24	26.2	6.65	27.3	5.31	39.5	2.15	26.5	6.61	26.4	6.29	26.8	5.90	26.6	6.19	26.2	6.82	26.5
23:00 05/12/2017	-6.2	4.53	6.02	1.0	2.4	3.5	4.59	23.7	8.02	26.4	5.43	23.8	4.76	26.1	6.35	25.8	2.94	26.7	5.24	26.2	6.65	27.3	5.32	39.4	2.15	26.5	6.61	26.3	6.29	26.7	5.90	26.6	6.18	26.2	6.82	26.5
23:10 05/12/2017	-6.2	4.53	6.02	1.0	2.5	4.3	4.59	23.7	8.02	26.4	5.43	23.8	4.76	26.1	6.35	25.8	2.94	26.7	5.24	26.2	6.66	27.5	5.32	39.4	2.15	26.5	6.61	26.2	6.29	26.6	5.90	26.5	6.18	26.2	6.82	26.5
23:20 05/12/2017	-6.2	4.52	6.02	1.0	2.3	3.9	4.59	23.7	8.02	26.4	5.43	23.8	4.76	26.1	6.35	25.8	2.93	26.7	5.24	26.2	6.66	27.5	5.32	40.8	2.15	26.5	6.61	26.1	6.29	26.4	5.90	26.4	6.18	26.2	6.82	26.5
23:30 05/12/2017	-6.2	4.51	6.02	1.0	2.4	4.2	4.59	23.7	8.02	26.4	5.43	23.8	4.75	26.1	6.35	25.8	2.93	26.7	5.24	26.2	6.66	27.3	5.32	40.3	2.15	26.5	6.61	26.0	6.29	26.3	5.90	26.3	6.17	26.2	6.83	26.5
23:40 05/12/2017	-6.2	4.51	6.02	1.0	2.4	4.2	4.58	23.7	8.02	26.4	5.43	23.8	4.75	26.1	6.35	25.8	2.92	26.7	5.24	26.2	6.66	27.3	5.33	40.1	2.15	26.5	6.61	25.9	6.29	26.2	5.90	26.2	6.17	26.2	6.83	26.5
23:50 05/12/2017	-6.2	4.50	6.02	1.0	2.6	3.9	4.58	23.7	8.02	26.3	5.44	23.8	4.75	26.1	6.35	25.8	2.92	26.7	5.24	26.2	6.66	27.5	5.33	40.1	2.15	26.5	6.61	25.8	6.29	26.1	5.90	26.2	6.17	26.2	6.83	26.5
 2005-15 Neptune Systems