    
Date	Temp	pH	pH2	Amp_3	Amp_4	Amp_5	pHx6	Tmpx6	pHx7	Tmpx7	pHx8	Tmpx8	pHx9	Tmpx9	pHx10	Tmpx10	pHx11	Tmpx11	pHx12	Tmpx12	pHx13	Tmpx13	pHx14	Tmpx14	pHx15	Tmpx15	pHx16	Tmpx16	pHx17	Tmpx17	pHx19	Tmpx19	pHx20	Tmpx20	pHx21	Tmpx21	pHx23	Tmpx23
00:00 05/30/2017	-6.2	2.60	6.02	0.5	2.9	3.7	3.62	24.6	8.01	23.2	5.39	26.2	2.74	26.2	6.38	25.6	2.15	26.7	5.45	27.1	6.43	32.4	5.15	46.9	2.15	25.8	6.51	28.0	6.15	28.0	5.18	28.0	6.27	27.0	6.63	26.8	5.37	27.9
00:10 05/30/2017	-6.2	2.60	6.02	0.5	2.6	3.5	3.62	24.6	8.01	23.2	5.39	26.2	2.74	26.2	6.38	25.6	2.15	26.7	5.45	27.1	6.43	32.6	5.15	46.8	2.15	25.8	6.51	28.1	6.15	28.1	5.18	28.1	6.27	27.0	6.63	26.8	5.37	28.0
00:20 05/30/2017	-6.2	2.60	6.02	0.5	1.8	3.4	3.62	24.6	8.01	23.2	5.39	26.2	2.74	26.2	6.38	25.6	2.15	26.7	5.45	27.1	6.43	32.6	5.15	46.8	2.15	25.8	6.51	28.2	6.15	28.3	5.18	28.2	6.27	27.0	6.63	26.8	5.37	28.1
00:30 05/30/2017	-6.2	2.60	6.02	0.5	2.5	3.5	3.62	24.6	8.01	23.2	5.39	26.1	2.74	26.1	6.38	25.6	2.15	26.7	5.45	27.1	6.43	32.6	5.15	46.8	2.15	25.8	6.51	28.3	6.15	28.4	5.18	28.4	6.27	27.0	6.63	26.8	5.37	28.2
00:40 05/30/2017	-6.2	2.60	6.02	0.4	2.8	4.1	3.62	24.6	8.02	23.2	5.39	26.1	2.74	26.1	6.38	25.6	2.15	26.7	5.45	27.1	6.43	32.7	5.15	46.9	2.15	25.8	6.51	28.5	6.15	28.5	5.18	28.5	6.27	27.0	6.64	26.8	5.37	28.3
00:50 05/30/2017	-6.2	2.60	6.02	0.5	2.6	4.1	3.62	24.6	8.02	23.2	5.39	26.0	2.74	26.1	6.38	25.5	2.15	26.7	5.45	27.1	6.43	32.7	5.16	46.6	2.15	25.8	6.51	28.6	6.15	28.6	5.18	28.6	6.27	27.0	6.64	26.8	5.37	28.3
01:00 05/30/2017	-6.2	2.60	6.02	0.5	2.8	4.1	3.62	24.6	8.02	23.1	5.39	26.0	2.74	26.1	6.38	25.5	2.15	26.6	5.45	27.1	6.43	32.7	5.16	46.7	2.15	25.8	6.51	28.7	6.15	28.7	5.18	28.7	6.27	27.0	6.64	26.8	5.37	28.5
01:10 05/30/2017	-6.2	2.60	6.02	0.5	2.4	3.2	3.62	24.6	8.02	23.1	5.39	26.0	2.74	26.0	6.38	25.5	2.15	26.6	5.45	27.1	6.44	32.7	5.16	46.7	2.15	25.8	6.51	28.7	6.15	28.8	5.18	28.8	6.27	27.0	6.64	26.8	5.37	28.5
01:20 05/30/2017	-6.2	2.60	6.02	0.5	2.5	4.0	3.62	24.6	8.02	23.1	5.40	26.0	2.74	26.0	6.38	25.5	2.15	26.6	5.45	27.1	6.44	32.7	5.16	46.8	2.15	25.8	6.51	28.8	6.15	28.9	5.18	28.8	6.27	27.0	6.64	26.8	5.37	28.6
01:30 05/30/2017	-6.2	2.60	6.02	0.5	2.8	2.9	3.62	24.6	8.02	23.1	5.40	26.0	2.74	26.0	6.38	25.5	2.15	26.6	5.45	27.1	6.44	32.7	5.16	46.8	2.15	25.7	6.51	28.9	6.15	29.0	5.18	28.9	6.27	27.0	6.65	26.8	5.37	28.6
01:40 05/30/2017	-6.2	2.60	6.02	0.5	2.8	4.1	3.62	24.6	8.02	23.1	5.40	25.9	2.74	26.0	6.38	25.5	2.15	26.6	5.45	27.1	6.44	32.8	5.16	46.7	2.15	25.7	6.51	29.0	6.15	29.1	5.18	29.0	6.27	27.0	6.65	26.8	5.37	28.7
01:50 05/30/2017	-6.2	2.60	6.02	0.5	2.8	3.8	3.62	24.6	8.02	23.1	5.40	25.9	2.74	25.9	6.38	25.5	2.15	26.6	5.45	27.1	6.44	32.8	5.16	46.7	2.15	25.7	6.51	29.0	6.15	29.1	5.18	29.0	6.27	27.0	6.65	26.8	5.37	28.7
02:00 05/30/2017	-6.2	2.60	6.02	0.4	2.7	3.8	3.62	24.6	8.02	23.0	5.40	25.9	2.74	25.9	6.38	25.5	2.15	26.6	5.45	27.1	6.44	32.8	5.16	46.7	2.15	25.7	6.51	29.1	6.15	29.2	5.18	29.1	6.27	27.0	6.65	26.8	5.37	28.8
02:10 05/30/2017	-6.2	2.60	6.02	0.4	2.3	4.0	3.62	24.6	8.02	23.0	5.40	25.8	2.74	25.9	6.38	25.4	2.15	26.6	5.45	27.1	6.44	32.7	5.16	46.7	2.15	25.7	6.51	29.1	6.15	29.2	5.18	29.1	6.26	27.0	6.65	26.8	5.37	28.9
02:20 05/30/2017	-6.2	2.60	6.02	0.5	2.5	3.6	3.62	24.6	8.02	23.0	5.40	25.8	2.74	25.8	6.38	25.4	2.15	26.6	5.45	27.1	6.44	32.4	5.17	46.9	2.15	25.7	6.51	29.2	6.15	29.3	5.18	29.1	6.26	27.0	6.66	26.8	5.37	29.0
02:30 05/30/2017	-6.2	2.60	6.02	0.5	2.7	4.0	3.62	24.6	8.02	23.0	5.40	25.8	2.74	25.8	6.38	25.4	2.15	26.5	5.45	27.1	6.44	32.6	5.17	46.5	2.15	25.7	6.51	29.2	6.15	29.3	5.18	29.1	6.26	27.0	6.66	26.8	5.37	28.9
02:40 05/30/2017	-6.2	2.60	6.01	0.4	2.7	4.0	3.62	24.6	8.02	23.0	5.41	25.8	2.74	25.8	6.38	25.4	2.15	26.5	5.45	27.1	6.45	32.6	5.17	46.1	2.15	25.7	6.51	29.0	6.15	29.1	5.18	28.8	6.26	27.0	6.66	26.8	5.37	28.7
02:50 05/30/2017	-6.2	2.60	6.01	0.4	2.1	3.8	3.62	24.6	8.02	23.0	5.41	25.8	2.74	25.8	6.38	25.3	2.15	26.5	5.45	27.1	6.45	32.6	5.17	47.0	2.15	25.7	6.51	28.7	6.15	28.7	5.18	28.5	6.26	27.0	6.66	26.8	5.38	28.5
03:00 05/30/2017	-6.2	2.60	6.01	0.4	2.7	3.7	3.63	24.6	8.02	23.0	5.41	25.8	2.74	25.8	6.38	25.3	2.15	26.5	5.45	27.1	6.45	32.7	5.17	47.0	2.15	25.7	6.51	28.5	6.15	28.5	5.18	28.3	6.26	27.0	6.66	26.8	5.38	28.2
03:10 05/30/2017	-6.2	2.60	6.01	0.4	2.8	3.3	3.63	24.6	8.02	23.0	5.41	25.7	2.74	25.8	6.38	25.3	2.15	26.5	5.45	27.1	6.45	32.7	5.17	46.6	2.15	25.7	6.51	28.2	6.16	28.3	5.18	28.1	6.26	27.0	6.66	26.8	5.38	28.1
03:20 05/30/2017	-6.2	2.60	6.01	0.4	2.7	4.0	3.63	24.6	8.02	22.9	5.41	25.7	2.74	25.7	6.38	25.3	2.15	26.5	5.45	27.0	6.45	32.7	5.17	46.6	2.15	25.7	6.51	28.1	6.16	28.1	5.19	27.9	6.26	27.0	6.67	26.8	5.38	27.9
03:30 05/30/2017	-6.2	2.60	6.01	0.4	2.8	3.5	3.63	24.6	8.02	22.9	5.41	25.7	2.74	25.7	6.37	25.3	2.15	26.5	5.45	27.0	6.45	32.7	5.17	46.4	2.15	25.7	6.51	28.0	6.16	28.0	5.19	27.9	6.26	27.0	6.67	26.8	5.38	27.9
03:40 05/30/2017	-6.2	2.60	6.01	0.4	2.2	3.9	3.63	24.6	8.02	22.9	5.41	25.7	2.74	25.7	6.37	25.3	2.15	26.5	5.45	27.0	6.45	32.7	5.16	46.3	2.15	25.7	6.51	28.1	6.16	28.1	5.19	28.0	6.26	27.0	6.67	26.8	5.38	28.0
03:50 05/30/2017	-6.2	2.60	6.01	0.3	2.4	4.0	3.63	24.6	8.03	22.9	5.41	25.7	2.73	25.7	6.37	25.3	2.15	26.5	5.45	27.0	6.45	32.7	5.16	46.4	2.15	25.7	6.51	28.2	6.16	28.2	5.19	28.2	6.26	27.0	6.67	26.8	5.38	28.1
04:00 05/30/2017	-6.2	2.60	6.01	0.2	2.6	3.9	3.63	24.6	8.03	22.8	5.42	25.7	2.73	25.7	6.37	25.3	2.15	26.5	5.45	27.0	6.45	32.7	5.17	46.9	2.15	25.6	6.51	28.3	6.16	28.3	5.18	28.3	6.26	27.0	6.67	26.7	5.38	28.2
04:10 05/30/2017	-6.2	2.60	6.01	0.4	2.7	3.9	3.62	24.7	8.03	23.0	5.41	25.7	2.73	25.7	6.37	25.3	2.15	26.5	5.45	27.1	6.45	32.8	5.16	47.1	2.15	25.7	6.51	28.4	6.16	28.5	5.19	28.5	6.26	27.0	6.68	26.7	5.38	28.3
04:20 05/30/2017	-6.2	2.60	6.01	0.4	2.3	4.0	3.62	24.8	8.03	23.0	5.41	25.7	2.72	25.7	6.36	25.4	2.15	26.5	5.44	27.1	6.45	32.8	5.16	47.0	2.15	25.7	6.51	28.5	6.15	28.6	5.18	28.6	6.25	27.0	6.68	26.7	5.38	28.4
04:30 05/30/2017	-6.2	2.60	6.01	0.4	2.2	4.0	3.62	25.0	8.03	23.0	5.41	25.8	2.72	25.7	6.36	25.5	2.15	26.6	5.44	27.1	6.45	32.5	5.16	46.8	2.15	25.7	6.51	28.6	6.15	28.8	5.18	28.7	6.25	27.0	6.68	26.7	5.38	28.5
04:40 05/30/2017	-6.2	2.60	6.01	0.3	2.7	3.1	3.62	25.0	8.03	23.1	5.40	25.8	2.72	25.8	6.36	25.5	2.15	26.6	5.43	27.2	6.45	32.6	5.16	46.8	2.15	25.7	6.51	28.7	6.15	29.0	5.18	28.9	6.25	27.1	6.68	26.8	5.37	28.6
04:50 05/30/2017	-6.2	2.60	6.01	0.3	2.3	3.4	3.62	25.1	8.04	23.1	5.40	25.8	2.71	25.8	6.36	25.6	2.15	26.6	5.43	27.2	6.45	32.7	5.15	46.8	2.15	25.8	6.51	28.8	6.15	29.1	5.18	29.0	6.25	27.1	6.68	26.8	5.37	28.7
05:00 05/30/2017	-6.2	2.60	6.01	0.3	2.7	4.0	3.62	25.2	8.04	23.1	5.40	25.9	2.71	25.8	6.36	25.6	2.15	26.7	5.43	27.2	6.45	32.7	5.15	47.0	2.15	25.9	6.50	29.0	6.15	29.2	5.18	29.1	6.25	27.1	6.68	26.8	5.37	28.8
05:10 05/30/2017	-6.2	2.60	6.01	0.4	2.8	4.1	3.62	25.3	8.04	23.2	5.40	26.0	2.70	25.9	6.35	25.7	2.15	26.7	5.43	27.2	6.45	32.6	5.14	47.2	2.15	25.9	6.50	29.1	6.14	29.3	5.18	29.2	6.25	27.1	6.68	26.8	5.36	28.9
05:20 05/30/2017	-6.2	2.60	6.01	0.3	2.8	4.0	3.62	25.3	8.04	23.2	5.40	26.0	2.70	25.9	6.35	25.7	2.15	26.7	5.42	27.3	6.45	32.6	5.14	46.6	2.15	26.0	6.50	29.2	6.14	29.5	5.18	29.3	6.24	27.1	6.68	26.8	5.36	29.0
05:30 05/30/2017	-6.2	2.60	6.01	0.3	2.7	3.0	3.62	25.4	8.04	23.2	5.40	26.0	2.69	26.0	6.35	25.8	2.15	26.8	5.42	27.3	6.45	32.7	5.14	47.0	2.15	26.0	6.50	29.2	6.14	29.3	5.17	29.2	6.24	27.2	6.68	26.9	5.36	28.9
05:40 05/30/2017	-6.2	2.60	6.01	0.3	2.8	3.9	3.62	25.4	8.05	23.3	5.39	26.1	2.69	26.0	6.35	25.8	2.15	26.8	5.42	27.3	6.45	32.8	5.14	47.8	2.15	26.0	6.50	29.0	6.14	29.1	5.18	28.8	6.24	27.2	6.68	26.9	5.36	28.7
05:50 05/30/2017	-6.2	2.60	6.01	0.4	2.5	3.9	3.62	25.5	8.05	23.3	5.39	26.1	2.69	26.0	6.35	25.9	2.15	26.8	5.42	27.3	6.45	32.6	5.14	48.0	2.15	26.1	6.50	28.8	6.14	29.0	5.17	28.7	6.24	27.2	6.68	26.9	5.36	28.6
06:00 05/30/2017	-6.2	2.60	6.01	0.4	2.5	4.0	3.62	25.5	8.05	23.3	5.39	26.2	2.69	26.1	6.35	26.0	2.15	26.9	5.42	27.3	6.44	32.5	5.13	48.0	2.15	26.1	6.50	28.7	6.14	28.8	5.17	28.5	6.24	27.2	6.68	26.9	5.35	28.5
06:10 05/30/2017	-6.2	2.60	6.01	0.3	2.7	3.2	3.62	25.5	8.05	23.4	5.39	26.2	2.68	26.1	6.35	26.0	2.15	26.9	5.42	27.3	6.44	32.7	5.13	47.5	2.15	26.1	6.50	28.5	6.14	28.6	5.17	28.3	6.24	27.2	6.68	26.9	5.35	28.3
06:20 05/30/2017	-6.2	2.60	6.01	0.3	2.7	3.9	3.62	25.5	8.05	23.5	5.39	26.2	2.68	26.2	6.35	26.1	2.15	27.0	5.42	27.3	6.44	32.8	5.13	48.0	2.15	26.1	6.50	28.3	6.14	28.5	5.17	28.2	6.24	27.2	6.68	27.0	5.35	28.2
06:30 05/30/2017	-6.2	2.60	6.01	0.3	2.7	4.0	3.62	25.5	8.05	23.5	5.39	26.3	2.68	26.2	6.35	26.1	2.15	27.0	5.42	27.3	6.44	32.7	5.13	48.0	2.15	26.1	6.50	28.2	6.14	28.3	5.17	28.1	6.24	27.2	6.67	27.0	5.35	28.1
06:40 05/30/2017	-6.2	2.60	6.01	0.3	2.2	3.8	3.62	25.6	8.05	23.5	5.39	26.3	2.68	26.2	6.35	26.1	2.15	27.0	5.42	27.3	6.44	32.5	5.13	47.7	2.15	26.1	6.50	28.1	6.14	28.2	5.17	28.0	6.24	27.2	6.67	27.0	5.35	28.0
06:50 05/30/2017	-6.2	2.60	6.01	0.4	2.7	4.1	3.62	25.6	8.05	23.6	5.39	26.3	2.68	26.3	6.35	26.2	2.15	27.0	5.42	27.3	6.44	32.7	5.12	47.8	2.15	26.2	6.50	28.1	6.14	28.2	5.17	28.1	6.24	27.2	6.67	27.0	5.35	28.0
07:00 05/30/2017	-6.2	2.60	6.01	0.3	2.7	3.4	3.62	25.6	8.05	23.6	5.38	26.3	2.68	26.3	6.35	26.2	2.15	27.0	5.42	27.3	6.44	32.8	5.12	47.8	2.15	26.2	6.50	28.2	6.14	28.4	5.17	28.2	6.24	27.2	6.67	27.0	5.35	28.1
07:10 05/30/2017	-6.2	2.60	6.01	0.4	2.7	4.0	3.61	25.6	8.05	23.6	5.38	26.4	2.68	26.3	6.35	26.2	2.15	27.0	5.42	27.3	6.44	32.6	5.12	48.1	2.15	26.3	6.50	28.4	6.14	28.6	5.17	28.4	6.24	27.2	6.67	26.9	5.35	28.2
07:20 05/30/2017	-6.2	2.60	6.01	0.3	2.2	3.2	3.61	25.7	8.05	23.7	5.38	26.4	2.68	26.3	6.35	26.3	2.15	27.0	5.42	27.2	6.44	32.5	5.12	48.1	2.15	26.3	6.50	28.5	6.14	28.7	5.17	28.6	6.24	27.2	6.67	26.9	5.35	28.3
07:30 05/30/2017	-6.2	2.60	6.01	0.2	0.8	3.8	3.61	25.7	8.04	23.7	5.38	26.5	2.68	26.4	6.35	26.5	2.15	27.0	5.42	27.2	6.44	32.6	5.12	49.1	2.15	26.3	6.50	28.7	6.14	28.9	5.17	28.7	6.24	27.2	6.67	26.9	5.35	28.5
07:40 05/30/2017	-6.2	2.60	6.01	0.3	0.8	3.8	3.61	25.7	8.04	23.7	5.38	26.5	2.68	26.4	6.35	26.5	2.15	27.1	5.42	27.2	6.43	32.7	5.12	49.3	2.15	26.3	6.50	28.8	6.14	29.1	5.17	28.8	6.24	27.1	6.67	26.9	5.35	28.6
07:50 05/30/2017	-6.2	2.60	6.01	0.4	0.7	3.8	3.62	25.6	8.04	23.8	5.38	26.5	2.68	26.4	6.35	26.5	2.15	27.1	5.42	27.2	6.43	32.6	5.12	48.4	2.15	26.4	6.50	29.0	6.14	29.2	5.17	29.0	6.24	27.1	6.67	26.9	5.35	28.7
08:00 05/30/2017	-6.2	2.60	6.01	0.4	0.8	3.7	3.61	25.6	8.04	23.8	5.38	26.5	2.68	26.5	6.35	26.5	2.15	27.1	5.43	27.2	6.43	32.5	5.12	49.0	2.15	26.4	6.50	29.1	6.14	29.3	5.17	29.1	6.24	27.1	6.66	26.9	5.35	28.8
08:10 05/30/2017	-6.2	2.60	6.00	0.3	0.8	3.9	3.62	25.2	8.04	23.8	5.37	26.5	2.68	26.5	6.35	26.5	2.15	27.1	5.43	27.1	6.43	32.6	5.11	48.8	2.15	26.4	6.50	29.2	6.14	29.4	5.17	29.2	6.24	27.1	6.66	26.8	5.35	28.9
08:20 05/30/2017	-6.2	2.60	6.00	0.3	0.8	3.5	3.61	25.0	8.03	23.9	5.37	26.5	2.68	26.5	6.36	26.5	2.15	27.1	5.43	27.1	6.43	32.8	5.11	48.8	2.15	26.5	6.50	29.2	6.14	29.5	5.17	29.2	6.24	27.1	6.66	26.8	5.35	29.0
08:30 05/30/2017	-6.2	2.60	6.00	0.3	0.7	3.9	3.61	24.8	8.03	23.9	5.37	26.3	2.68	26.4	6.36	26.5	2.15	27.1	5.43	27.1	6.43	32.7	5.11	48.8	2.15	26.5	6.50	29.1	6.14	29.3	5.17	29.0	6.25	27.1	6.66	26.8	5.35	28.8
08:40 05/30/2017	-6.2	2.60	6.00	0.2	0.8	3.8	3.61	24.7	8.03	24.0	5.37	26.3	2.68	26.5	6.36	26.4	2.15	27.1	5.43	27.0	6.43	32.5	5.11	48.9	2.15	26.5	6.50	28.9	6.14	29.1	5.17	28.7	6.25	27.1	6.66	26.8	5.35	28.5
08:50 05/30/2017	-6.2	2.60	6.00	0.3	0.6	3.9	3.61	24.7	8.03	24.0	5.37	26.3	2.68	26.5	6.36	26.4	2.15	27.1	5.43	27.0	6.43	32.6	5.11	49.1	2.15	26.5	6.50	28.7	6.14	28.8	5.17	28.5	6.25	27.0	6.65	26.7	5.35	28.3
09:00 05/30/2017	-6.2	2.60	6.00	0.3	0.8	3.9	3.61	24.6	8.03	24.0	5.37	26.5	2.68	26.5	6.36	26.5	2.15	27.1	5.43	27.0	6.43	32.7	5.11	49.3	2.15	26.5	6.50	28.4	6.13	28.6	5.17	28.3	6.25	27.0	6.65	26.7	5.35	28.2
09:10 05/30/2017	-6.2	2.60	6.00	0.2	0.8	3.8	3.61	24.6	8.02	24.0	5.37	26.4	2.68	26.5	6.36	26.5	2.15	27.1	5.43	27.0	6.43	32.8	5.11	49.1	2.15	26.5	6.50	28.2	6.13	28.4	5.17	28.1	6.26	27.0	6.65	26.7	5.35	28.1
09:20 05/30/2017	-6.2	2.60	6.00	0.1	0.7	3.0	3.61	24.6	8.02	24.0	5.37	26.4	2.68	26.5	6.36	26.4	2.15	27.1	5.43	27.0	6.43	32.7	5.11	48.8	2.15	26.5	6.50	28.0	6.14	28.2	5.17	28.0	6.26	27.0	6.65	26.7	5.35	28.0
09:30 05/30/2017	-6.2	2.60	6.00	0.2	0.8	3.8	3.61	24.6	8.02	24.1	5.36	26.4	2.68	26.5	6.37	26.5	2.15	27.1	5.43	27.0	6.42	32.5	5.11	48.8	2.15	26.5	6.50	27.8	6.13	28.0	5.17	27.9	6.26	27.0	6.65	26.6	5.35	27.8
09:40 05/30/2017	-6.2	2.60	6.00	0.1	0.7	3.3	3.61	24.6	8.02	24.1	5.36	26.4	2.68	26.5	6.37	26.5	2.15	27.1	5.44	27.1	6.42	32.6	5.11	48.8	2.15	26.5	6.50	27.9	6.13	28.1	5.17	28.0	6.26	27.0	6.65	26.6	5.35	28.0
09:50 05/30/2017	-6.2	2.60	6.00	0.2	0.6	3.9	3.61	24.6	8.02	24.1	5.36	26.4	2.68	26.5	6.37	26.5	2.15	27.1	5.44	27.1	6.42	32.7	5.10	49.0	2.15	26.6	6.50	28.0	6.13	28.3	5.17	28.2	6.26	27.0	6.64	26.6	5.35	28.1
10:00 05/30/2017	-6.2	2.60	6.00	0.2	2.6	3.8	3.61	24.7	8.02	24.1	5.36	26.4	2.68	26.6	6.37	26.3	2.15	27.1	5.44	27.1	6.42	32.8	5.10	49.2	2.15	26.6	6.50	28.1	6.13	28.5	5.17	28.5	6.26	27.0	6.64	26.6	5.35	28.2
10:10 05/30/2017	-6.2	2.60	6.00	0.2	2.3	3.4	3.61	24.7	8.01	24.1	5.36	26.5	2.67	26.6	6.37	26.3	2.15	27.1	5.44	27.1	6.42	32.8	5.10	49.2	2.15	26.6	6.50	28.2	6.13	28.6	5.16	28.6	6.26	27.0	6.64	26.6	5.35	28.3
10:20 05/30/2017	-6.2	2.60	6.00	0.1	2.8	3.7	3.61	24.7	8.01	24.2	5.36	26.5	2.67	26.6	6.37	26.3	2.15	27.1	5.44	27.2	6.42	32.5	5.10	49.3	2.15	26.6	6.50	28.3	6.13	28.7	5.16	28.7	6.26	27.0	6.64	26.6	5.35	28.5
10:30 05/30/2017	-6.2	2.60	6.00	0.3	2.7	3.4	3.61	24.8	8.01	24.2	5.36	26.5	2.67	26.6	6.37	26.4	2.15	27.1	5.43	27.1	6.42	32.5	5.10	49.7	2.15	26.6	6.49	28.4	6.13	28.9	5.16	28.9	6.26	27.0	6.64	26.6	5.34	28.6
10:40 05/30/2017	-6.2	2.60	6.00	0.3	2.6	3.2	3.61	25.0	8.01	24.2	5.35	26.5	2.67	26.6	6.37	26.4	2.15	27.1	5.44	27.1	6.42	32.5	5.10	49.9	2.15	26.6	6.49	28.5	6.13	29.0	5.16	29.0	6.26	27.0	6.64	26.7	5.34	28.7
10:50 05/30/2017	-6.2	2.60	6.00	0.1	2.7	3.8	3.61	25.1	8.01	24.2	5.35	26.5	2.67	26.6	6.37	26.4	2.15	27.1	5.44	27.1	6.42	32.6	5.10	49.7	2.15	26.6	6.50	28.6	6.13	29.1	5.16	29.1	6.26	27.0	6.64	26.7	5.34	28.7
11:00 05/30/2017	-6.2	2.60	6.00	0.2	2.1	2.9	3.61	25.2	8.01	24.2	5.35	26.5	2.67	26.7	6.37	26.5	2.15	27.1	5.44	27.1	6.41	32.6	5.10	49.6	2.15	26.6	6.49	28.6	6.13	29.2	5.16	29.2	6.26	27.0	6.64	26.7	5.34	28.8
11:10 05/30/2017	-6.2	2.60	6.00	0.4	2.7	3.5	3.61	25.2	8.01	24.3	5.35	26.5	2.67	26.6	6.37	26.5	2.15	27.1	5.44	27.1	6.41	32.6	5.10	49.4	2.15	26.6	6.50	28.7	6.13	29.3	5.16	29.3	6.26	27.0	6.64	26.7	5.34	28.8
11:20 05/30/2017	-6.2	2.60	6.00	0.3	2.7	3.8	3.61	25.2	8.01	24.3	5.35	26.6	2.67	26.6	6.37	26.5	2.15	27.1	5.44	27.1	6.41	32.6	5.10	48.7	2.15	26.7	6.50	28.7	6.13	29.4	5.16	29.3	6.26	27.1	6.63	26.7	5.34	28.9
11:30 05/30/2017	-6.2	2.60	6.00	0.2	2.6	3.7	3.61	25.2	8.01	24.3	5.35	26.6	2.67	26.6	6.37	26.5	2.15	27.1	5.44	27.2	6.41	32.6	5.09	49.2	2.15	26.7	6.50	28.7	6.13	29.3	5.16	29.2	6.26	27.1	6.63	26.7	5.34	28.8
11:40 05/30/2017	-6.2	2.60	6.00	0.2	2.7	3.9	3.61	25.2	8.00	24.3	5.35	26.6	2.67	26.6	6.37	26.5	2.15	27.1	5.44	27.2	6.41	32.6	5.09	49.6	2.15	26.7	6.50	28.5	6.13	29.0	5.16	29.0	6.26	27.1	6.63	26.7	5.34	28.6
11:50 05/30/2017	-6.2	2.60	6.00	0.3	2.6	4.0	3.61	25.2	8.00	24.3	5.35	26.6	2.68	26.6	6.38	26.5	2.15	27.0	5.44	27.2	6.41	32.6	5.09	49.7	2.15	26.7	6.50	28.2	6.14	28.7	5.16	28.7	6.26	27.1	6.63	26.7	5.34	28.4
12:00 05/30/2017	-6.2	2.60	6.00	0.3	2.6	3.8	3.61	25.3	8.00	24.3	5.35	26.6	2.69	26.6	6.38	26.5	2.15	27.0	5.44	27.3	6.41	31.9	5.09	49.8	2.15	26.7	6.50	28.1	6.13	28.5	5.16	28.6	6.26	27.1	6.63	26.7	5.34	28.3
12:10 05/30/2017	-6.2	2.60	6.00	0.2	2.1	3.9	3.61	25.2	8.00	24.4	5.35	26.6	2.68	26.7	6.38	26.5	2.15	27.0	5.44	27.3	6.41	32.0	5.09	49.8	2.15	26.7	6.50	28.0	6.13	28.2	5.16	28.5	6.26	27.1	6.63	26.8	5.34	28.2
12:20 05/30/2017	-6.2	2.60	6.00	0.3	2.5	3.7	3.61	25.2	8.00	24.4	5.35	26.6	2.68	26.6	6.38	26.5	2.15	27.0	5.44	27.3	6.41	32.1	5.09	49.7	2.15	26.7	6.50	27.8	6.13	28.0	5.16	28.3	6.26	27.2	6.63	26.8	5.34	28.1
12:30 05/30/2017	-6.2	2.60	6.00	0.3	1.8	3.4	3.61	25.2	8.00	24.5	5.34	26.6	2.69	26.6	6.38	26.5	2.15	27.0	5.44	27.4	6.41	32.3	5.09	49.3	2.15	26.6	6.50	27.8	6.13	27.9	5.16	28.3	6.26	27.2	6.63	26.8	5.34	28.0
12:40 05/30/2017	-6.2	2.60	6.00	0.2	2.7	3.9	3.61	25.2	8.00	26.5	5.34	26.6	2.68	26.6	6.38	26.5	2.15	27.0	5.44	27.4	6.41	31.6	5.09	49.7	2.15	26.7	6.50	28.0	6.13	28.1	5.16	28.5	6.26	27.2	6.63	26.8	5.34	28.1
12:50 05/30/2017	-6.2	2.60	6.00	0.2	2.4	3.8	3.61	25.2	8.00	28.5	5.34	26.6	2.68	26.6	6.38	26.5	2.15	27.0	5.44	27.6	6.41	31.2	5.09	49.8	2.15	26.7	6.50	28.2	6.13	28.3	5.16	28.8	6.26	27.4	6.63	27.0	5.34	28.3
13:00 05/30/2017	-6.2	2.60	6.00	0.3	2.5	3.9	3.60	25.3	8.00	28.8	5.34	26.6	2.68	26.6	6.38	26.5	2.15	27.0	5.44	27.7	6.41	31.0	5.09	49.7	2.15	26.7	6.50	28.3	6.13	28.5	5.14	29.0	6.26	27.6	6.63	27.1	5.34	28.6
13:10 05/30/2017	-6.2	2.60	6.00	0.2	2.7	3.7	3.60	25.3	8.00	28.8	5.34	26.7	2.68	26.7	6.38	26.5	2.15	26.9	5.44	27.8	6.41	30.8	5.09	50.3	2.15	26.7	6.50	28.6	6.13	28.7	5.14	29.2	6.26	27.7	6.63	27.2	5.34	28.7
13:20 05/30/2017	-6.2	2.60	6.00	0.4	2.4	3.6	3.60	25.3	8.00	28.7	5.34	26.7	2.67	26.6	6.38	26.5	2.15	26.9	5.44	27.8	6.40	31.0	5.09	50.3	2.15	26.8	6.50	28.7	6.13	28.8	5.14	29.4	6.26	27.7	6.63	27.3	5.34	28.8
13:30 05/30/2017	-6.2	2.60	6.00	0.4	2.7	4.0	3.60	25.3	8.00	28.6	5.34	26.7	2.66	26.6	6.38	26.5	2.15	27.0	5.44	27.8	6.40	30.7	5.09	50.3	2.15	26.8	6.50	28.9	6.13	29.0	5.14	29.5	6.26	27.8	6.63	27.3	5.34	29.0
13:40 05/30/2017	-6.2	2.60	6.00	0.3	0.8	2.5	3.60	25.3	8.00	28.5	5.34	26.7	2.66	26.6	6.38	26.6	2.15	27.0	5.44	27.9	6.40	30.4	5.09	50.3	2.15	26.8	6.50	29.0	6.13	29.1	5.14	29.7	6.26	27.8	6.63	27.4	5.34	29.1
13:50 05/30/2017	-6.2	2.60	6.00	0.4	0.6	3.9	3.60	25.2	8.00	28.4	5.34	26.7	2.66	26.6	6.37	26.6	2.15	27.1	5.44	27.9	6.40	31.1	5.09	50.3	2.15	26.8	6.50	29.1	6.13	29.2	5.14	29.8	6.26	27.8	6.63	27.4	5.34	29.2
14:00 05/30/2017	-6.2	2.60	6.00	0.3	0.8	4.0	3.60	25.3	8.00	28.3	5.34	26.7	2.66	26.5	6.38	26.6	2.15	26.8	5.44	27.9	6.40	31.5	5.09	50.3	2.15	26.8	6.50	29.2	6.13	29.2	5.14	29.9	6.26	27.8	6.63	27.4	5.34	29.2
14:10 05/30/2017	-6.2	2.60	6.00	0.3	0.8	3.8	3.61	25.4	8.00	28.3	5.35	26.6	2.68	26.6	6.38	26.6	2.15	26.9	5.45	28.0	6.41	31.9	5.10	50.3	2.15	26.8	6.50	29.3	6.13	29.3	5.15	30.0	6.26	27.8	6.63	27.4	5.34	29.3
14:20 05/30/2017	-6.2	2.60	6.00	0.3	0.8	4.0	3.61	25.5	8.00	28.2	5.35	26.6	2.68	26.6	6.38	26.6	2.15	26.8	5.45	28.0	6.41	32.2	5.10	50.3	2.15	26.8	6.50	29.4	6.13	29.4	5.15	30.1	6.26	27.7	6.63	27.4	5.34	29.4
14:30 05/30/2017	-6.2	2.60	6.00	0.3	0.8	3.8	3.61	25.5	8.00	28.2	5.35	26.6	2.68	26.6	6.38	26.5	2.15	26.8	5.45	27.9	6.41	32.5	5.10	50.3	2.15	26.8	6.50	29.5	6.13	29.5	5.15	30.1	6.26	27.8	6.63	27.4	5.34	29.5
14:40 05/30/2017	-6.2	2.60	6.00	0.5	0.9	3.8	3.61	25.6	8.00	28.1	5.35	26.6	2.68	26.7	6.38	26.5	2.15	27.0	5.45	27.9	6.41	32.5	5.10	50.3	2.15	26.8	6.50	29.6	6.13	29.5	5.15	30.2	6.26	27.9	6.62	27.5	5.34	29.6
14:50 05/30/2017	-6.2	2.60	6.00	0.5	0.8	4.0	3.61	25.6	8.00	28.1	5.35	26.5	2.68	26.8	6.38	26.6	2.15	27.1	5.45	27.9	6.41	32.5	5.10	50.3	2.15	26.9	6.50	29.6	6.13	29.5	5.15	30.2	6.26	28.0	6.62	27.5	5.34	29.6
15:00 05/30/2017	-6.2	2.60	6.00	0.5	0.8	4.0	3.61	25.6	8.00	28.1	5.35	26.6	2.67	27.0	6.38	26.6	2.15	27.3	5.45	28.0	6.41	32.6	5.10	50.3	2.15	26.9	6.50	29.3	6.13	29.3	5.15	30.0	6.26	28.0	6.62	27.6	5.34	29.3
15:10 05/30/2017	-6.2	2.60	6.00	0.5	0.8	4.1	3.61	25.6	8.00	28.1	5.35	26.6	2.66	27.1	6.38	26.7	2.15	27.3	5.45	28.0	6.41	32.6	5.10	50.3	2.15	26.9	6.50	29.1	6.13	29.1	5.15	29.7	6.26	28.1	6.62	27.6	5.34	29.2
15:20 05/30/2017	-6.2	2.60	6.00	0.3	0.8	4.0	3.61	25.6	8.00	28.1	5.34	26.6	2.66	26.8	6.38	26.8	2.15	27.2	5.45	28.0	6.41	32.7	5.10	50.0	2.15	26.8	6.50	29.0	6.13	28.8	5.15	29.5	6.26	28.1	6.62	27.6	5.34	29.0
15:30 05/30/2017	-6.2	2.60	6.00	0.4	0.9	4.1	3.61	25.6	8.00	28.0	5.34	26.6	2.66	26.5	6.38	26.8	2.15	26.9	5.45	28.0	6.41	32.7	5.10	50.3	2.15	26.1	6.50	28.7	6.13	28.7	5.15	29.2	6.26	28.1	6.62	27.7	5.34	28.8
15:40 05/30/2017	-6.2	2.60	6.00	0.5	0.9	4.0	3.61	25.6	8.00	28.0	5.34	26.5	2.66	26.3	6.38	26.8	2.15	26.5	5.45	28.0	6.41	32.5	5.10	49.6	2.15	25.6	6.50	28.6	6.13	28.5	5.15	29.1	6.26	28.1	6.62	27.7	5.34	28.7
15:50 05/30/2017	-6.2	2.60	6.00	0.4	0.8	3.8	3.61	25.4	8.00	28.0	5.34	26.4	2.66	26.3	6.38	26.8	2.15	25.7	5.45	27.8	6.41	32.6	5.10	50.3	2.15	25.1	6.50	28.5	6.13	28.4	5.15	29.0	6.26	28.1	6.62	27.7	5.34	28.7
16:00 05/30/2017	-6.2	2.60	6.00	0.6	0.7	3.8	3.61	25.5	8.00	28.0	5.34	26.3	2.66	26.6	6.38	26.7	2.15	27.7	5.45	27.7	6.41	32.7	5.10	50.3	2.15	25.3	6.50	28.6	6.13	28.5	5.15	29.1	6.26	28.2	6.62	27.7	5.34	28.7
16:10 05/30/2017	-6.2	2.60	6.00	0.5	2.8	3.8	3.61	25.3	8.00	27.8	5.34	26.2	2.67	26.8	6.38	26.7	2.15	27.3	5.46	27.7	6.41	32.5	5.10	50.3	2.15	25.5	6.51	28.7	6.13	28.7	5.15	29.3	6.27	28.2	6.62	27.7	5.34	28.8
16:20 05/30/2017	-6.2	2.60	6.00	0.5	2.7	4.0	3.61	25.2	8.00	27.8	5.35	26.2	2.67	26.9	6.38	26.7	2.15	27.3	5.46	27.7	6.41	32.5	5.11	50.2	2.15	25.6	6.51	28.9	6.13	28.8	5.15	29.5	6.27	28.1	6.62	27.7	5.35	28.9
16:30 05/30/2017	-6.2	2.60	6.00	0.5	2.4	3.2	3.62	25.0	7.99	27.7	5.35	26.2	2.68	27.0	6.38	26.8	2.15	27.3	5.47	27.7	6.41	32.6	5.11	49.5	2.15	25.6	6.51	29.0	6.13	28.9	5.15	29.6	6.27	28.1	6.62	27.7	5.35	29.0
16:40 05/30/2017	-6.2	2.60	6.00	0.5	2.7	4.0	3.62	24.8	7.99	27.7	5.36	26.3	2.69	27.0	6.39	26.8	2.15	27.3	5.47	27.7	6.42	32.7	5.11	49.5	2.15	25.7	6.51	29.1	6.13	29.0	5.16	29.7	6.27	28.1	6.62	27.7	5.36	29.1
16:50 05/30/2017	-6.2	2.60	6.00	0.5	2.4	3.6	3.62	24.7	7.99	27.6	5.36	26.3	2.69	27.1	6.39	26.7	2.15	27.2	5.47	27.7	6.42	32.7	5.11	50.3	2.15	25.8	6.51	29.1	6.13	29.1	5.16	29.7	6.27	28.1	6.62	27.7	5.36	29.1
17:00 05/30/2017	-6.2	2.60	6.01	0.4	2.5	3.2	3.62	24.6	7.99	27.6	5.36	26.3	2.70	27.1	6.39	26.7	2.15	27.2	5.47	27.7	6.42	32.6	5.12	50.3	2.15	25.8	6.51	29.2	6.14	29.1	5.16	29.8	6.27	28.1	6.62	27.7	5.36	29.2
17:10 05/30/2017	-6.2	2.60	6.01	0.4	2.8	3.7	3.62	24.5	7.99	27.6	5.36	26.3	2.70	27.1	6.39	26.7	2.15	27.1	5.47	27.7	6.42	32.4	5.12	50.3	2.15	25.8	6.51	29.2	6.14	29.2	5.16	29.8	6.27	28.1	6.62	27.6	5.36	29.3
17:20 05/30/2017	-6.2	2.60	6.01	0.4	2.2	4.0	3.62	24.5	7.99	27.5	5.37	26.3	2.70	27.1	6.39	26.7	2.15	27.0	5.47	27.7	6.42	32.6	5.12	50.2	2.15	25.8	6.51	29.2	6.14	29.2	5.16	29.9	6.27	28.1	6.62	27.6	5.36	29.3
17:30 05/30/2017	-6.2	2.60	6.00	0.3	2.8	3.7	3.62	24.4	7.99	27.5	5.37	26.3	2.70	27.0	6.39	26.7	2.15	26.9	5.48	27.7	6.42	32.7	5.12	50.3	2.15	25.8	6.51	29.3	6.14	29.3	5.16	30.0	6.27	28.1	6.63	27.6	5.37	29.4
17:40 05/30/2017	-6.2	2.60	6.00	0.5	2.7	3.9	3.62	24.4	7.99	27.4	5.37	26.3	2.71	27.1	6.39	26.7	2.15	26.8	5.48	27.7	6.42	32.7	5.12	50.3	2.15	25.8	6.52	29.3	6.14	29.3	5.16	30.0	6.27	28.0	6.63	27.6	5.37	29.4
17:50 05/30/2017	-6.2	2.60	6.00	0.4	2.6	3.7	3.62	24.3	7.99	27.4	5.37	26.3	2.71	27.0	6.39	26.7	2.15	26.7	5.48	27.7	6.42	32.7	5.12	50.2	2.15	25.9	6.52	29.3	6.14	29.3	5.16	30.0	6.27	28.0	6.63	27.6	5.37	29.5
18:00 05/30/2017	-6.2	2.60	6.00	0.4	2.8	3.8	3.62	24.3	7.99	27.3	5.38	26.3	2.71	27.0	6.39	26.7	2.15	26.6	5.48	27.6	6.43	32.8	5.12	50.2	2.15	25.9	6.52	29.4	6.14	29.4	5.16	30.1	6.27	28.0	6.63	27.6	5.37	29.5
18:10 05/30/2017	-6.2	2.60	6.00	0.6	2.5	3.7	3.62	24.3	7.99	27.3	5.38	26.3	2.71	27.0	6.39	26.7	2.15	26.5	5.48	27.6	6.43	32.5	5.12	50.2	2.15	25.9	6.52	29.4	6.14	29.4	5.16	30.1	6.27	28.0	6.63	27.6	5.37	29.5
18:20 05/30/2017	-6.2	2.60	6.00	0.4	2.8	3.8	3.62	24.3	7.99	27.3	5.38	26.3	2.71	27.0	6.39	26.7	2.15	26.5	5.48	27.6	6.43	32.5	5.13	50.2	2.15	25.9	6.52	29.4	6.14	29.4	5.16	30.1	6.27	28.0	6.63	27.6	5.37	29.6
18:30 05/30/2017	-6.2	2.60	6.00	0.6	2.9	4.1	3.62	24.3	7.99	27.2	5.38	26.3	2.71	27.0	6.39	26.7	2.15	26.3	5.48	27.6	6.43	32.6	5.13	50.2	2.15	25.9	6.52	29.4	6.14	29.5	5.16	30.1	6.27	28.0	6.63	27.6	5.37	29.6
18:40 05/30/2017	-6.2	2.60	6.00	0.5	2.5	4.1	3.62	24.3	7.99	27.2	5.38	26.3	2.71	27.0	6.39	26.7	2.15	26.2	5.48	27.6	6.43	32.7	5.13	50.3	2.15	25.8	6.52	29.5	6.14	29.5	5.16	30.1	6.27	28.0	6.64	27.6	5.37	29.6
18:50 05/30/2017	-6.2	2.60	6.00	0.5	2.2	3.7	3.62	24.3	7.99	27.2	5.38	26.3	2.71	27.0	6.39	26.7	2.15	26.2	5.48	27.6	6.43	32.7	5.13	50.2	2.15	25.8	6.52	29.3	6.15	29.3	5.16	29.9	6.27	28.0	6.64	27.6	5.37	29.4
19:00 05/30/2017	-6.2	2.60	6.00	0.5	2.4	3.8	3.62	24.2	7.99	27.2	5.39	26.3	2.71	27.0	6.39	26.7	2.15	26.1	5.48	27.6	6.43	32.8	5.13	50.2	2.15	25.8	6.52	29.0	6.15	29.0	5.16	29.6	6.27	28.0	6.64	27.6	5.38	29.2
19:10 05/30/2017	-6.2	2.60	6.00	0.6	2.8	3.6	3.62	24.2	7.99	27.2	5.39	26.3	2.71	27.0	6.39	26.7	2.15	26.0	5.48	27.6	6.43	32.6	5.13	50.1	2.15	25.8	6.52	28.8	6.15	28.7	5.16	29.3	6.27	27.8	6.64	27.6	5.38	29.0
19:20 05/30/2017	-6.2	2.60	6.00	0.5	2.8	3.6	3.62	24.2	7.99	27.1	5.39	26.3	2.71	27.0	6.39	26.7	2.15	25.9	5.48	27.6	6.44	32.4	5.13	50.2	2.15	25.8	6.53	28.5	6.15	28.5	5.17	29.0	6.27	27.8	6.64	27.6	5.38	28.8
19:30 05/30/2017	-6.2	2.60	6.00	0.6	2.8	3.7	3.62	24.2	7.99	27.1	5.39	26.3	2.71	27.0	6.39	26.6	2.15	25.8	5.48	27.6	6.44	32.6	5.13	50.2	2.15	25.8	6.53	28.3	6.15	28.3	5.17	28.8	6.27	27.8	6.64	27.5	5.38	28.6
19:40 05/30/2017	-6.2	2.60	6.00	0.6	2.3	3.5	3.62	24.1	8.00	27.1	5.40	26.3	2.71	27.0	6.39	26.6	2.15	25.7	5.48	27.6	6.44	32.7	5.13	50.0	2.15	25.8	6.53	28.4	6.15	28.4	5.17	29.0	6.27	27.8	6.64	27.5	5.38	28.7
19:50 05/30/2017	-6.2	2.60	6.00	0.6	2.8	4.1	3.62	24.1	8.00	27.1	5.40	26.3	2.71	27.0	6.39	26.6	2.15	25.7	5.48	27.6	6.44	32.7	5.13	50.0	2.15	25.8	6.53	28.5	6.15	28.5	5.17	29.1	6.27	27.8	6.64	27.5	5.38	28.8
20:00 05/30/2017	-6.2	2.60	6.00	0.4	2.8	3.5	3.63	24.1	8.00	27.0	5.40	26.3	2.71	27.0	6.39	26.6	2.15	25.6	5.48	27.5	6.44	32.7	5.13	50.2	2.15	25.8	6.53	28.6	6.15	28.6	5.17	29.2	6.27	27.8	6.65	27.5	5.38	28.9
20:10 05/30/2017	-6.2	2.60	6.00	0.5	2.2	4.1	3.63	24.1	8.00	27.0	5.40	26.3	2.72	27.0	6.39	26.6	2.15	25.6	5.48	27.5	6.44	32.8	5.13	50.1	2.15	25.8	6.53	28.7	6.15	28.7	5.17	29.3	6.27	27.8	6.65	27.5	5.38	29.0
20:20 05/30/2017	-6.2	2.60	6.00	0.4	2.8	3.6	3.63	24.1	8.00	27.0	5.40	26.3	2.72	27.0	6.39	26.6	2.15	25.5	5.48	27.5	6.44	32.6	5.14	50.0	2.15	25.8	6.53	28.7	6.15	28.8	5.17	29.4	6.27	27.8	6.65	27.5	5.39	29.0
20:30 05/30/2017	-6.2	2.60	6.00	0.4	2.5	4.1	3.63	24.1	8.00	27.0	5.40	26.3	2.72	27.0	6.39	26.6	2.15	25.4	5.48	27.5	6.44	32.4	5.14	50.0	2.15	25.8	6.53	28.8	6.15	28.8	5.17	29.5	6.27	27.8	6.65	27.5	5.39	29.1
20:40 05/30/2017	-6.2	2.60	6.00	0.5	2.8	3.8	3.63	24.1	8.00	26.9	5.41	26.3	2.72	27.0	6.39	26.6	2.15	25.3	5.48	27.5	6.44	32.6	5.14	50.0	2.15	25.9	6.53	28.8	6.16	29.0	5.17	29.6	6.26	27.8	6.65	27.5	5.39	29.1
20:50 05/30/2017	-6.2	2.60	6.00	0.5	2.8	4.1	3.63	24.1	8.00	26.9	5.41	26.3	2.72	27.0	6.39	26.6	2.15	25.3	5.48	27.5	6.45	32.6	5.14	50.0	2.15	25.9	6.53	28.9	6.16	29.0	5.17	29.6	6.26	27.7	6.65	27.5	5.39	29.2
21:00 05/30/2017	-6.2	2.60	6.00	0.5	2.6	4.0	3.63	24.1	8.00	26.9	5.41	26.3	2.72	26.9	6.39	26.6	2.15	25.2	5.48	27.5	6.45	32.7	5.14	48.7	2.15	25.9	6.53	29.0	6.16	29.1	5.17	29.7	6.26	27.7	6.64	27.5	5.39	29.2
21:10 05/30/2017	-6.2	2.60	6.00	0.4	2.7	4.1	3.63	24.1	8.00	26.9	5.41	26.3	2.72	26.9	6.39	26.6	2.15	25.2	5.48	27.5	6.45	32.7	5.14	48.8	2.15	25.9	6.53	29.0	6.16	29.1	5.17	29.7	6.26	27.7	6.66	27.5	5.39	29.2
21:20 05/30/2017	-6.2	2.60	6.00	0.5	2.7	4.1	3.63	24.1	8.00	26.8	5.41	26.3	2.72	26.9	6.39	26.6	2.15	25.1	5.48	27.5	6.45	32.8	5.14	48.6	2.15	25.8	6.53	29.0	6.16	29.1	5.17	29.7	6.26	27.7	6.66	27.5	5.39	29.3
21:30 05/30/2017	-6.2	2.60	6.00	0.4	2.8	3.5	3.63	24.1	8.00	26.8	5.41	26.2	2.72	26.9	6.39	26.6	2.15	25.1	5.48	27.5	6.45	32.7	5.14	48.8	2.15	25.8	6.53	29.1	6.16	29.2	5.17	29.8	6.26	27.7	6.66	27.5	5.39	29.3
21:40 05/30/2017	-6.2	2.60	6.00	0.5	2.7	3.5	3.63	24.1	8.00	26.8	5.42	26.2	2.72	26.9	6.40	26.6	2.15	25.0	5.48	27.5	6.45	32.5	5.14	48.8	2.15	25.8	6.53	29.1	6.16	29.2	5.17	29.8	6.26	27.7	6.66	27.5	5.39	29.3
21:50 05/30/2017	-6.2	2.60	6.00	0.5	2.8	4.1	3.63	24.2	8.00	26.8	5.42	26.2	2.72	26.9	6.40	26.6	2.15	25.0	5.48	27.5	6.45	32.6	5.14	49.0	2.15	25.8	6.54	29.1	6.16	29.2	5.17	29.8	6.26	27.7	6.66	27.5	5.40	29.4
22:00 05/30/2017	-6.2	2.60	6.00	0.5	2.8	4.0	3.63	24.2	8.01	26.8	5.42	26.2	2.71	26.9	6.40	26.5	2.15	25.0	5.48	27.4	6.45	32.7	5.14	49.0	2.15	25.8	6.54	29.1	6.16	29.2	5.17	29.8	6.26	27.7	6.67	27.5	5.40	29.4
22:10 05/30/2017	-6.2	2.60	6.00	0.5	2.8	4.0	3.63	24.2	8.01	26.8	5.42	26.2	2.71	26.9	6.40	26.5	2.15	24.9	5.47	27.4	6.46	32.7	5.14	48.8	2.15	25.8	6.54	29.2	6.16	29.3	5.18	29.9	6.26	27.7	6.67	27.5	5.40	29.4
22:20 05/30/2017	-6.2	2.60	6.00	0.5	2.3	4.1	3.63	24.2	8.01	26.8	5.42	26.2	2.71	26.8	6.40	26.5	2.15	24.9	5.47	27.4	6.46	32.7	5.14	49.0	2.15	25.8	6.54	29.2	6.16	29.3	5.18	29.9	6.26	27.7	6.67	27.5	5.40	29.4
22:30 05/30/2017	-6.2	2.60	6.00	0.5	2.8	4.0	3.63	24.2	8.01	26.8	5.42	26.2	2.71	26.8	6.40	26.5	2.15	24.8	5.47	27.4	6.46	32.8	5.14	48.6	2.15	25.8	6.54	29.2	6.16	29.3	5.17	29.9	6.26	27.7	6.67	27.5	5.40	29.4
22:40 05/30/2017	-6.2	2.60	6.00	0.5	2.6	3.6	3.63	24.3	8.01	26.8	5.42	26.2	2.71	26.8	6.40	26.5	2.15	24.8	5.47	27.4	6.46	32.4	5.14	48.7	2.15	25.8	6.54	29.2	6.17	29.3	5.18	30.0	6.26	27.7	6.67	27.5	5.40	29.5
22:50 05/30/2017	-6.2	2.60	6.00	0.5	2.8	3.8	3.63	24.3	8.01	26.7	5.42	26.2	2.71	26.8	6.40	26.5	2.15	24.8	5.47	27.4	6.46	32.6	5.14	48.7	2.15	25.8	6.54	29.2	6.17	29.3	5.18	30.0	6.26	27.7	6.68	27.5	5.40	29.5
23:00 05/30/2017	-6.2	2.60	6.00	0.5	2.5	4.1	3.63	24.3	8.01	26.7	5.43	26.2	2.71	26.8	6.40	26.5	2.15	24.8	5.47	27.4	6.46	32.7	5.14	48.9	2.15	25.8	6.54	29.2	6.17	29.3	5.18	30.0	6.26	27.7	6.68	27.4	5.40	29.5
23:10 05/30/2017	-6.2	2.60	6.00	0.6	2.4	4.1	3.63	24.3	8.01	26.7	5.43	26.2	2.71	26.8	6.40	26.5	2.15	24.7	5.47	27.4	6.46	32.7	5.14	49.1	2.15	25.7	6.54	29.2	6.17	29.3	5.18	30.0	6.26	27.7	6.68	27.4	5.40	29.5
23:20 05/30/2017	-6.2	2.60	6.00	0.5	2.7	3.8	3.63	24.3	8.01	26.7	5.43	26.2	2.71	26.8	6.40	26.5	2.15	24.7	5.47	27.3	6.46	32.7	5.14	49.1	2.15	25.8	6.54	29.2	6.17	29.3	5.18	30.0	6.25	27.7	6.68	27.4	5.40	29.5
23:30 05/30/2017	-6.2	2.60	6.00	0.5	2.7	3.7	3.63	24.3	8.01	26.7	5.43	26.2	2.71	26.8	6.40	26.5	2.15	24.7	5.47	27.3	6.46	32.7	5.14	49.0	2.15	25.8	6.54	29.3	6.17	29.4	5.18	30.0	6.25	27.7	6.68	27.4	5.40	29.5
23:40 05/30/2017	-6.2	2.60	6.00	0.5	2.7	3.7	3.63	24.3	8.01	26.7	5.43	26.2	2.71	26.8	6.40	26.5	2.15	24.7	5.47	27.3	6.47	32.5	5.14	48.9	2.15	25.8	6.54	29.3	6.17	29.4	5.18	30.0	6.25	27.7	6.69	27.4	5.41	29.5
23:50 05/30/2017	-6.2	2.60	6.00	0.5	2.1	3.9	3.63	24.2	8.01	26.7	5.43	26.2	2.71	26.8	6.40	26.5	2.15	24.7	5.47	27.3	6.47	32.6	5.14	49.1	2.15	25.8	6.54	29.3	6.17	29.4	5.18	30.0	6.25	27.7	6.69	27.4	5.41	29.5
Date	Temp	pH	pH2	Amp_3	Amp_4	Amp_5	pHx6	Tmpx6	pHx7	Tmpx7	pHx8	Tmpx8	pHx9	Tmpx9	pHx10	Tmpx10	pHx11	Tmpx11	pHx12	Tmpx12	pHx13	Tmpx13	pHx14	Tmpx14	pHx15	Tmpx15	pHx17	7A_BR	pHx19	6B_TL	pHx20	Tmpx20	pHx21	7B_TR	pHx23	6A_BL
14:00 05/31/2017	-6.2	5.31	6.08	0.4	2.6	3.2	5.25	25.6	7.96	27.8	5.61	26.3	5.26	26.7	6.45	26.8	5.24	28.7	5.65	26.6	6.52	32.7	5.48	48.6	4.44	28.8	6.25	29.1	5.58	29.7	6.30	28.3	6.75	29.6	5.65	29.9
14:10 05/31/2017	-6.2	5.29	6.08	0.4	2.5	3.6	5.24	25.6	7.96	27.8	5.61	26.3	5.26	27.0	6.45	26.8	5.22	28.7	5.65	26.6	6.51	32.4	5.48	48.8	4.36	28.9	6.25	28.9	5.58	29.7	6.30	28.4	6.75	29.4	5.65	29.7
14:20 05/31/2017	-6.2	5.26	6.06	0.4	2.7	3.7	5.23	25.6	7.96	27.8	5.61	26.4	5.25	27.1	6.45	27.0	5.21	28.8	5.64	26.5	6.51	32.6	5.47	49.2	4.29	28.9	6.25	28.7	5.58	29.5	6.30	28.4	6.75	29.3	5.65	29.5
14:30 05/31/2017	-6.2	5.25	6.06	0.3	2.6	3.7	5.23	25.6	7.97	27.9	5.60	26.5	5.25	27.1	6.45	27.0	5.20	28.8	5.64	26.5	6.51	32.7	5.47	49.3	4.21	29.0	6.25	28.6	5.58	29.4	6.30	28.4	6.75	29.1	5.65	29.3
14:40 05/31/2017	-6.2	5.22	6.05	0.4	2.8	3.9	5.22	25.6	7.97	27.9	5.60	26.4	5.24	26.8	6.45	27.0	5.18	28.8	5.64	26.5	6.51	32.5	5.46	49.3	4.14	28.9	6.25	28.5	5.58	29.3	6.30	28.4	6.74	29.0	5.64	29.2
14:50 05/31/2017	-6.2	5.20	6.04	0.4	2.1	3.8	5.21	25.5	7.97	28.0	5.59	26.3	5.24	26.5	6.45	26.8	5.18	28.8	5.63	26.5	6.51	32.6	5.45	49.1	4.08	28.8	6.25	28.3	5.57	29.2	6.29	28.5	6.74	28.8	5.64	29.0
15:00 05/31/2017	-6.2	5.18	6.04	0.6	2.8	3.6	5.20	25.6	7.98	28.0	5.59	26.2	5.23	26.6	6.45	26.8	5.16	28.4	5.63	26.5	6.51	32.7	5.45	49.0	4.01	28.7	6.25	28.3	5.57	29.2	6.29	28.5	6.74	28.8	5.64	29.2
15:10 05/31/2017	-6.2	5.16	6.03	0.6	2.4	3.7	5.19	25.8	7.98	28.0	5.59	26.3	5.23	26.8	6.45	26.8	5.16	28.7	5.62	26.7	6.50	32.7	5.44	49.2	3.95	28.7	6.24	28.4	5.57	29.3	6.29	28.5	6.74	29.0	5.63	29.5
15:20 05/31/2017	-6.2	5.14	6.03	0.6	2.8	3.8	5.19	25.8	7.98	28.0	5.58	26.3	5.23	27.1	6.45	26.8	5.15	28.6	5.62	26.6	6.50	32.4	5.44	49.2	3.88	28.7	6.24	28.5	5.57	29.4	6.29	28.5	6.74	29.1	5.63	29.9
15:30 05/31/2017	-6.2	5.12	6.02	0.6	2.3	3.4	5.18	25.9	7.98	28.0	5.58	26.4	5.22	27.2	6.45	27.0	5.14	28.6	5.62	26.5	6.50	32.6	5.43	49.1	3.82	28.6	6.24	28.6	5.57	29.5	6.29	28.5	6.74	29.3	5.63	30.1
15:40 05/31/2017	-6.2	5.10	6.02	0.4	2.3	3.7	5.18	26.0	7.99	28.0	5.58	26.3	5.22	26.9	6.45	27.1	5.14	28.5	5.62	26.3	6.50	32.7	5.43	49.0	3.77	28.6	6.24	28.7	5.57	29.6	6.29	28.5	6.74	29.4	5.63	30.4
15:50 05/31/2017	-6.2	5.08	6.01	0.4	2.4	3.9	5.18	25.9	7.99	28.0	5.57	26.2	5.21	26.6	6.45	27.1	5.12	28.3	5.60	26.2	6.50	32.5	5.42	49.0	3.71	28.5	6.24	28.7	5.56	29.5	6.29	28.5	6.73	29.5	5.62	30.5
16:00 05/31/2017	-6.2	5.06	6.01	0.4	2.6	3.5	5.17	25.9	7.99	28.0	5.57	26.2	5.21	26.5	6.45	27.1	5.11	28.2	5.60	26.2	6.50	32.5	5.42	49.1	3.66	28.5	6.24	28.6	5.56	29.3	6.29	28.4	6.73	29.3	5.62	30.1
16:10 05/31/2017	-6.2	5.05	6.01	0.5	2.7	3.9	5.17	25.7	7.99	27.8	5.57	26.1	5.21	26.7	6.45	27.0	5.11	28.3	5.60	26.1	6.50	32.6	5.41	49.2	3.61	28.5	6.24	28.4	5.56	29.2	6.31	28.4	6.73	29.1	5.62	29.8
16:20 05/31/2017	-6.2	5.04	6.00	0.5	2.4	3.7	5.17	25.6	7.99	27.8	5.57	26.1	5.21	26.8	6.45	27.0	5.10	28.4	5.60	26.0	6.50	32.7	5.41	49.1	3.57	28.5	6.24	28.2	5.56	29.1	6.31	28.4	6.73	29.0	5.62	29.5
16:30 05/31/2017	-6.2	5.02	6.00	0.6	2.7	3.9	5.16	25.4	7.99	27.8	5.57	26.1	5.21	27.0	6.45	27.0	5.10	28.5	5.60	26.0	6.50	32.6	5.41	49.1	3.52	28.4	6.24	28.1	5.56	29.0	6.31	28.4	6.73	28.8	5.63	29.3
16:40 05/31/2017	-6.2	5.00	6.00	0.6	2.5	3.6	5.16	25.3	7.99	27.7	5.57	26.1	5.20	27.1	6.45	27.0	5.09	28.5	5.60	25.9	6.50	32.4	5.41	47.1	3.48	28.4	6.24	28.0	5.56	28.7	6.31	28.3	6.73	28.6	5.63	29.1
16:50 05/31/2017	-6.2	4.98	6.00	0.7	2.4	3.8	5.15	25.2	7.99	27.7	5.57	26.1	5.20	27.2	6.45	27.0	5.08	28.6	5.60	25.9	6.50	32.6	5.40	47.5	3.44	28.4	6.24	27.9	5.56	28.8	6.32	28.3	6.72	28.6	5.63	29.2
17:00 05/31/2017	-6.2	4.97	6.00	0.6	2.4	4.0	5.15	25.1	7.99	27.7	5.57	26.1	5.19	27.1	6.45	27.0	5.07	28.5	5.60	25.9	6.50	32.7	5.40	48.9	3.41	28.4	6.24	28.0	5.56	28.9	6.31	28.3	6.72	28.6	5.63	29.6
17:10 05/31/2017	-6.2	4.96	5.99	0.7	2.8	3.6	5.14	25.1	7.97	27.7	5.56	26.0	5.19	26.7	6.46	27.0	5.05	28.3	5.60	25.8	6.50	32.7	5.40	49.3	3.37	28.3	6.24	28.1	5.56	28.9	6.31	28.3	6.72	28.8	5.63	29.9
17:20 05/31/2017	-6.2	4.94	5.99	0.6	2.3	3.7	5.14	25.1	7.98	27.6	5.56	25.8	5.18	26.6	6.46	26.9	5.04	28.3	5.60	25.7	6.50	32.7	5.40	48.5	3.33	28.3	6.24	28.2	5.56	29.0	6.31	28.3	6.72	28.9	5.63	30.1
17:30 05/31/2017	-6.2	4.93	5.99	0.7	2.9	4.0	5.13	25.1	7.98	27.6	5.56	25.8	5.18	26.7	6.45	26.9	5.03	28.4	5.60	25.7	6.50	32.8	5.39	48.7	3.30	28.3	6.24	28.2	5.56	29.0	6.31	28.3	6.72	29.0	5.62	30.3
17:40 05/31/2017	-6.2	4.91	5.99	0.7	2.4	3.4	5.13	25.1	7.98	27.6	5.56	25.9	5.17	26.9	6.45	26.9	5.01	28.5	5.59	25.7	6.50	32.5	5.39	48.5	3.25	28.3	6.24	28.4	5.55	29.1	6.30	28.4	6.72	29.1	5.62	30.6
17:50 05/31/2017	-6.2	4.89	5.99	0.7	2.7	3.7	5.12	25.2	7.98	27.6	5.55	25.9	5.17	27.1	6.45	26.9	5.00	28.6	5.59	25.7	6.49	32.5	5.38	48.6	3.21	28.3	6.24	28.5	5.55	29.1	6.30	28.4	6.72	29.2	5.61	30.7
18:00 05/31/2017	-6.2	4.87	5.99	0.7	2.8	3.8	5.12	25.2	7.98	27.6	5.55	26.0	5.16	27.2	6.45	26.9	4.99	28.6	5.59	25.7	6.49	32.6	5.38	48.8	3.17	28.4	6.24	28.4	5.55	28.9	6.30	28.4	6.72	29.2	5.61	30.3
18:10 05/31/2017	-6.2	4.87	5.99	0.7	2.5	4.0	5.11	25.2	7.98	27.6	5.55	26.0	5.16	27.2	6.45	27.0	4.98	28.6	5.58	25.7	6.49	32.7	5.38	49.1	3.13	28.4	6.24	28.2	5.55	28.8	6.30	28.4	6.72	29.0	5.61	30.0
18:20 05/31/2017	-6.2	4.85	5.99	0.6	2.7	3.6	5.10	25.3	7.99	27.5	5.55	26.0	5.15	27.3	6.45	27.0	4.96	28.6	5.58	25.6	6.49	32.7	5.37	49.0	3.09	28.3	6.24	28.2	5.55	28.7	6.30	28.5	6.72	28.8	5.60	29.7
18:30 05/31/2017	-6.2	4.83	5.99	0.6	2.8	3.9	5.10	25.3	7.99	27.5	5.54	26.0	5.15	27.0	6.45	27.0	4.95	28.5	5.57	25.7	6.49	32.6	5.37	49.1	3.05	28.3	6.24	28.1	5.54	28.5	6.30	28.4	6.72	28.7	5.60	29.5
18:40 05/31/2017	-6.2	4.82	5.98	0.6	2.9	3.5	5.09	25.3	7.99	27.5	5.54	25.9	5.14	26.6	6.44	26.9	4.93	28.3	5.57	25.7	6.49	32.5	5.36	49.6	3.01	28.3	6.24	28.0	5.54	28.4	6.30	28.4	6.72	28.5	5.60	29.2
18:50 05/31/2017	-6.2	4.80	5.98	0.6	2.5	3.7	5.09	25.3	7.99	27.5	5.54	25.7	5.14	26.6	6.44	26.9	4.92	28.3	5.57	25.7	6.49	32.6	5.36	49.6	2.97	28.3	6.24	27.9	5.54	28.4	6.30	28.4	6.72	28.5	5.59	29.2
19:00 05/31/2017	-6.2	4.79	5.98	0.7	2.8	3.6	5.08	25.3	7.99	27.5	5.54	25.7	5.14	26.8	6.44	26.9	4.91	28.4	5.57	25.7	6.49	32.7	5.36	49.5	2.93	28.3	6.24	28.0	5.54	28.5	6.30	28.4	6.71	28.6	5.59	29.6
19:10 05/31/2017	-6.2	4.78	5.98	0.7	2.8	3.5	5.08	25.4	7.99	27.5	5.53	25.8	5.13	27.0	6.44	26.9	4.90	28.5	5.57	25.7	6.49	32.8	5.37	49.9	2.92	28.3	6.23	28.1	5.54	28.6	6.29	28.4	6.72	28.7	5.59	29.9
19:20 05/31/2017	-6.2	4.77	5.98	0.7	2.7	4.1	5.08	25.4	8.00	27.5	5.53	25.8	5.13	27.1	6.44	26.9	4.88	28.6	5.57	25.7	6.49	32.6	5.37	50.1	2.90	28.3	6.23	28.2	5.54	28.7	6.29	28.4	6.72	28.7	5.58	30.2
19:30 05/31/2017	-6.2	4.76	5.98	0.7	2.4	4.1	5.07	25.5	8.00	27.5	5.53	25.8	5.12	27.2	6.44	27.0	4.87	28.6	5.57	25.6	6.49	32.6	5.35	50.0	2.87	28.3	6.23	28.3	5.54	28.8	6.29	28.4	6.72	28.8	5.58	30.4
19:40 05/31/2017	-6.2	4.74	5.98	0.7	2.9	4.0	5.06	25.5	8.00	27.5	5.53	25.9	5.12	27.3	6.44	27.0	4.86	28.6	5.57	25.7	6.49	32.7	5.35	49.5	2.82	28.3	6.23	28.5	5.54	28.8	6.29	28.4	6.72	29.0	5.58	30.6
19:50 05/31/2017	-6.2	4.73	5.98	0.5	2.5	3.6	5.06	25.5	8.00	27.5	5.53	26.0	5.11	27.3	6.44	27.0	4.84	28.6	5.56	25.7	6.49	32.7	5.35	47.2	2.78	28.3	6.23	28.6	5.54	28.9	6.29	28.5	6.72	29.1	5.58	30.8
20:00 05/31/2017	-6.2	4.71	5.98	0.7	2.5	3.4	5.05	25.5	8.00	27.5	5.53	25.9	5.11	26.9	6.44	27.0	4.82	28.5	5.56	25.6	6.49	32.6	5.34	48.2	2.75	28.3	6.23	28.5	5.53	28.8	6.29	28.4	6.72	29.0	5.58	30.3
20:10 05/31/2017	-6.2	4.70	5.98	0.7	2.8	3.8	5.05	25.5	8.00	27.5	5.51	25.8	5.11	26.6	6.43	26.9	4.81	28.3	5.56	25.6	6.49	32.4	5.34	49.5	2.71	28.2	6.23	28.3	5.53	28.7	6.28	28.4	6.72	28.8	5.57	30.0
20:20 05/31/2017	-6.2	4.68	5.98	0.6	2.4	3.6	5.04	25.4	8.00	27.5	5.51	25.7	5.10	26.7	6.43	26.9	4.80	28.3	5.56	25.6	6.49	32.6	5.34	47.6	2.68	28.2	6.23	28.2	5.53	28.6	6.28	28.4	6.72	28.7	5.57	29.7
20:30 05/31/2017	-6.2	4.67	5.98	0.6	2.8	3.9	5.04	25.4	8.00	27.5	5.51	25.8	5.10	26.9	6.43	26.9	4.79	28.5	5.55	25.6	6.49	32.7	5.34	47.7	2.64	28.3	6.23	28.1	5.53	28.5	6.28	28.4	6.72	28.5	5.57	29.4
20:40 05/31/2017	-6.2	4.67	5.98	0.5	2.7	3.9	5.03	25.4	8.01	27.5	5.51	25.8	5.10	27.0	6.43	26.9	4.77	28.5	5.55	25.6	6.49	32.8	5.34	47.6	2.60	28.3	6.23	28.0	5.53	28.4	6.28	28.4	6.72	28.4	5.57	29.2
20:50 05/31/2017	-6.2	4.65	5.98	0.5	2.7	3.9	5.03	25.4	8.01	27.5	5.51	25.8	5.09	27.1	6.43	26.9	4.76	28.5	5.55	25.6	6.49	32.5	5.33	47.7	2.56	28.3	6.23	28.0	5.53	28.4	6.28	28.4	6.72	28.3	5.57	29.3
21:00 05/31/2017	-6.2	4.64	5.98	0.6	2.8	3.6	5.02	25.4	8.01	27.5	5.51	25.9	5.09	27.2	6.43	26.9	4.75	28.5	5.55	25.6	6.50	32.6	5.33	47.6	2.52	28.3	6.23	28.1	5.53	28.5	6.28	28.4	6.72	28.4	5.57	29.7
21:10 05/31/2017	-6.2	4.63	5.98	0.6	2.8	3.9	5.02	25.4	8.01	27.5	5.51	26.0	5.09	27.3	6.43	26.9	4.74	28.5	5.54	25.6	6.50	32.7	5.33	47.6	2.49	28.3	6.23	28.2	5.53	28.6	6.28	28.4	6.72	28.5	5.57	30.0
21:20 05/31/2017	-6.2	4.61	5.98	0.6	2.6	4.0	5.01	25.4	8.01	27.5	5.51	26.0	5.08	27.3	6.43	26.9	4.72	28.5	5.54	25.6	6.50	32.7	5.33	47.9	2.45	28.3	6.23	28.3	5.53	28.6	6.28	28.4	6.72	28.6	5.56	30.2
21:30 05/31/2017	-6.2	4.60	5.98	0.5	2.4	3.6	5.01	25.4	8.01	27.5	5.51	26.0	5.08	27.1	6.43	26.9	4.71	28.4	5.54	25.5	6.50	32.7	5.33	47.7	2.42	28.2	6.23	28.5	5.53	28.7	6.28	28.3	6.72	28.7	5.56	30.5
21:40 05/31/2017	-6.2	4.59	5.98	0.6	2.7	3.4	5.01	25.4	8.01	27.5	5.51	25.9	5.08	26.7	6.43	26.9	4.70	28.3	5.54	25.5	6.50	32.5	5.33	47.7	2.39	28.2	6.23	28.6	5.53	28.8	6.27	28.3	6.72	28.8	5.56	30.6
21:50 05/31/2017	-6.2	4.58	5.98	0.6	2.7	4.1	5.00	25.4	8.01	27.5	5.51	25.8	5.07	26.6	6.43	26.8	4.68	28.3	5.54	25.5	6.50	32.6	5.33	47.5	2.37	28.2	6.23	28.7	5.53	28.9	6.27	28.3	6.72	29.0	5.56	30.8
22:00 05/31/2017	-6.2	4.57	5.98	0.7	2.8	4.0	5.00	25.3	8.02	27.5	5.51	25.8	5.07	26.8	6.43	26.8	4.67	28.3	5.54	25.5	6.50	32.7	5.33	47.5	2.34	28.2	6.23	28.6	5.52	28.8	6.27	28.3	6.72	28.9	5.56	30.3
22:10 05/31/2017	-6.2	4.56	5.98	0.7	2.8	3.5	4.99	25.3	8.02	27.5	5.51	25.8	5.07	27.0	6.43	26.8	4.66	28.4	5.53	25.5	6.50	32.8	5.32	47.6	2.30	28.2	6.23	28.5	5.52	28.7	6.27	28.3	6.72	28.7	5.56	30.0
22:20 05/31/2017	-6.2	4.54	5.98	0.6	2.9	3.6	4.99	25.3	8.02	27.5	5.51	25.8	5.06	27.1	6.43	26.8	4.65	28.4	5.53	25.5	6.50	32.5	5.32	46.6	2.27	28.2	6.23	28.3	5.52	28.5	6.27	28.3	6.72	28.6	5.55	29.6
22:30 05/31/2017	-6.2	4.53	5.97	0.6	2.3	3.9	4.98	25.3	8.02	27.5	5.51	25.9	5.06	27.1	6.42	26.9	4.63	28.5	5.53	25.5	6.50	32.5	5.32	47.3	2.23	28.2	6.23	28.2	5.52	28.5	6.27	28.3	6.72	28.4	5.55	29.3
22:40 05/31/2017	-6.2	4.52	5.97	0.5	2.4	3.7	4.98	25.3	8.02	27.4	5.51	25.9	5.06	27.2	6.42	26.9	4.62	28.5	5.53	25.5	6.50	32.6	5.32	47.4	2.20	28.2	6.23	28.1	5.52	28.3	6.27	28.3	6.73	28.3	5.55	29.1
22:50 05/31/2017	-6.2	4.50	5.97	0.6	2.4	3.7	4.97	25.3	8.02	27.4	5.51	26.0	5.05	27.3	6.42	26.9	4.61	28.5	5.52	25.5	6.50	32.7	5.31	47.3	2.16	28.2	6.23	28.1	5.52	28.4	6.27	28.3	6.73	28.2	5.55	29.3
23:00 05/31/2017	-6.2	4.49	5.97	0.7	2.9	3.9	4.97	25.3	8.02	27.5	5.51	26.0	5.05	27.3	6.42	26.9	4.60	28.5	5.52	25.5	6.50	32.6	5.31	47.2	2.15	28.2	6.23	28.2	5.52	28.5	6.27	28.3	6.73	28.4	5.55	29.7
23:10 05/31/2017	-6.2	4.48	5.97	0.6	2.4	3.7	4.96	25.3	8.02	27.4	5.51	26.0	5.05	27.1	6.42	26.9	4.58	28.4	5.52	25.5	6.50	32.4	5.31	47.2	2.15	28.2	6.23	28.3	5.52	28.6	6.26	28.2	6.73	28.5	5.55	30.0
23:20 05/31/2017	-6.2	4.48	5.97	0.7	2.9	2.9	4.96	25.3	8.02	27.4	5.51	25.9	5.04	26.7	6.42	26.8	4.57	28.2	5.52	25.5	6.50	32.6	5.31	47.5	2.15	28.1	6.23	28.5	5.52	28.6	6.26	28.2	6.73	28.6	5.55	30.2
23:30 05/31/2017	-6.2	4.46	5.97	0.6	2.5	4.0	4.95	25.3	8.02	27.4	5.51	25.8	5.04	26.6	6.42	26.8	4.56	28.2	5.52	25.5	6.50	32.7	5.31	47.4	2.15	28.1	6.23	28.6	5.52	28.7	6.26	28.2	6.73	28.7	5.55	30.5
23:40 05/31/2017	-6.2	4.45	5.97	0.7	2.7	3.8	4.95	25.3	8.03	27.3	5.51	25.8	5.04	26.7	6.42	26.8	4.55	28.2	5.52	25.5	6.51	32.7	5.32	47.6	2.15	28.1	6.23	28.7	5.52	28.8	6.26	28.2	6.73	28.8	5.54	30.7
23:50 05/31/2017	-6.2	4.44	5.97	0.6	2.6	3.7	4.94	25.3	8.03	27.3	5.51	25.8	5.02	26.8	6.42	26.8	4.54	28.3	5.52	25.5	6.51	32.4	5.31	47.6	2.15	28.1	6.23	28.7	5.52	28.8	6.26	28.2	6.73	28.9	5.54	30.7
00:00 06/01/2017	-6.2	4.43	5.97	0.7	2.8	3.6	4.94	25.3	8.03	27.3	5.51	25.8	5.02	27.0	6.42	26.8	4.52	28.3	5.52	25.5	6.51	32.6	5.31	47.3	2.15	28.1	6.23	28.6	5.52	28.7	6.26	28.2	6.73	28.7	5.54	30.3
00:10 06/01/2017	-6.2	4.42	5.97	0.7	2.7	3.8	4.93	25.3	8.03	27.3	5.51	25.9	5.02	27.1	6.42	26.8	4.51	28.3	5.51	25.4	6.51	32.7	5.31	47.5	2.15	28.1	6.23	28.5	5.52	28.6	6.26	28.2	6.73	28.6	5.54	30.0
00:20 06/01/2017	-6.2	4.40	5.97	0.7	2.8	4.0	4.93	25.3	8.03	27.3	5.50	26.0	5.01	27.2	6.42	26.8	4.50	28.3	5.51	25.4	6.51	32.8	5.31	47.8	2.15	28.1	6.23	28.3	5.52	28.6	6.26	28.2	6.73	28.5	5.54	29.6
00:30 06/01/2017	-6.2	4.39	5.97	0.7	2.7	3.8	4.93	25.3	8.03	27.3	5.50	26.0	5.01	27.2	6.41	26.8	4.49	28.3	5.51	25.4	6.51	32.5	5.30	46.8	2.15	28.1	6.23	28.2	5.52	28.5	6.26	28.2	6.73	28.3	5.54	29.3
00:40 06/01/2017	-6.2	4.38	5.97	0.7	2.4	4.0	4.92	25.3	8.03	27.3	5.50	26.0	5.01	27.2	6.41	26.8	4.48	28.3	5.51	25.4	6.51	32.5	5.30	46.1	2.15	28.1	6.23	28.1	5.52	28.3	6.26	28.2	6.73	28.2	5.54	29.1
00:50 06/01/2017	-6.2	4.37	5.97	0.7	2.5	3.1	4.92	25.3	8.03	27.3	5.50	26.1	5.00	27.3	6.41	26.8	4.47	28.3	5.51	25.4	6.51	32.6	5.30	49.2	2.15	28.1	6.23	28.1	5.51	28.5	6.25	28.2	6.73	28.2	5.54	29.4
01:00 06/01/2017	-6.2	4.36	5.97	0.6	2.7	3.8	4.91	25.3	8.03	27.3	5.50	26.1	5.00	27.3	6.41	26.8	4.45	28.3	5.51	25.5	6.51	32.8	5.30	49.3	2.15	28.1	6.22	28.2	5.51	28.5	6.25	28.2	6.73	28.3	5.53	29.7
01:10 06/01/2017	-6.2	4.35	5.97	0.6	2.6	3.9	4.91	25.4	8.03	27.3	5.50	26.1	4.99	27.1	6.41	26.8	4.44	28.3	5.51	25.4	6.51	32.6	5.30	47.7	2.15	28.1	6.23	28.3	5.51	28.6	6.25	28.1	6.73	28.5	5.53	30.1
01:20 06/01/2017	-6.2	4.34	5.97	0.7	2.7	4.1	4.90	25.4	8.03	27.3	5.49	26.0	4.99	26.7	6.41	26.8	4.43	28.1	5.50	25.4	6.51	32.5	5.30	47.7	2.15	28.0	6.22	28.5	5.51	28.6	6.25	28.1	6.74	28.5	5.53	30.3
01:30 06/01/2017	-6.2	4.33	5.96	0.7	2.8	3.8	4.90	25.4	8.03	27.3	5.49	25.9	4.99	26.6	6.41	26.7	4.42	28.1	5.50	25.4	6.51	32.7	5.30	47.8	2.15	28.0	6.22	28.6	5.51	28.7	6.25	28.1	6.74	28.6	5.53	30.5
01:40 06/01/2017	-6.2	4.32	5.96	0.6	2.4	3.4	4.90	25.4	8.03	27.3	5.49	25.9	4.99	26.8	6.41	26.7	4.41	28.2	5.50	25.4	6.51	32.7	5.30	46.6	2.15	28.0	6.22	28.7	5.51	28.8	6.25	28.1	6.74	28.7	5.53	30.7
01:50 06/01/2017	-6.2	4.31	5.96	0.6	2.7	3.9	4.89	25.4	8.03	27.3	5.49	25.9	4.98	26.9	6.41	26.8	4.40	28.2	5.50	25.4	6.51	32.6	5.30	46.3	2.15	28.0	6.22	28.7	5.51	28.7	6.25	28.1	6.74	28.8	5.53	30.6
02:00 06/01/2017	-6.2	4.30	5.96	0.5	2.8	3.9	4.89	25.4	8.03	27.3	5.48	26.0	4.98	27.0	6.41	26.7	4.39	28.2	5.50	25.4	6.51	32.5	5.30	46.5	2.15	28.0	6.22	28.6	5.51	28.7	6.25	28.1	6.74	28.6	5.53	30.2
02:10 06/01/2017	-6.2	4.29	5.96	0.7	2.5	3.3	4.88	25.4	8.04	27.3	5.48	26.0	4.98	27.1	6.41	26.8	4.37	28.2	5.50	25.4	6.51	32.6	5.30	46.5	2.15	28.1	6.23	28.5	5.51	28.6	6.25	28.2	6.74	28.5	5.53	29.8
02:20 06/01/2017	-6.2	4.28	5.96	0.6	2.6	3.3	4.88	25.4	8.04	27.3	5.48	26.0	4.97	27.1	6.41	26.8	4.36	28.2	5.50	25.3	6.51	32.7	5.29	46.3	2.15	28.1	6.22	28.3	5.51	28.5	6.25	28.1	6.74	28.3	5.53	29.5
02:30 06/01/2017	-6.2	4.27	5.96	0.7	2.5	3.8	4.88	25.3	8.04	27.2	5.48	26.0	4.97	27.2	6.41	26.8	4.35	28.2	5.50	25.4	6.51	32.8	5.29	46.2	2.15	28.1	6.22	28.2	5.51	28.4	6.25	28.1	6.74	28.2	5.53	29.2
02:40 06/01/2017	-6.2	4.26	5.96	0.6	2.4	3.8	4.87	25.3	8.04	27.2	5.48	26.0	4.97	27.2	6.41	26.8	4.34	28.2	5.50	25.3	6.51	32.4	5.29	46.3	2.15	28.0	6.22	28.1	5.51	28.3	6.25	28.1	6.74	28.1	5.53	29.2
02:50 06/01/2017	-6.2	4.25	5.96	0.7	2.7	3.8	4.87	25.3	8.04	27.2	5.47	26.1	4.96	27.2	6.41	26.8	4.33	28.2	5.49	25.3	6.51	32.6	5.29	46.5	2.15	28.0	6.23	28.2	5.51	28.4	6.25	28.1	6.74	28.2	5.53	29.6
03:00 06/01/2017	-6.2	4.24	5.96	0.5	2.7	3.7	4.86	25.3	8.04	27.2	5.47	26.1	4.96	27.2	6.40	26.8	4.32	28.2	5.49	25.3	6.51	32.6	5.29	46.0	2.15	28.0	6.21	28.3	5.51	28.5	6.24	28.1	6.74	28.3	5.52	29.8
03:10 06/01/2017	-6.2	4.23	5.96	0.6	2.6	3.7	4.86	25.3	8.04	27.2	5.47	26.1	4.96	27.3	6.40	26.8	4.31	28.2	5.49	25.3	6.52	32.7	5.29	46.1	2.15	28.0	6.22	28.4	5.51	28.5	6.24	28.1	6.74	28.4	5.52	30.2
03:20 06/01/2017	-6.2	4.21	5.96	0.6	2.7	3.7	4.86	25.3	8.04	27.2	5.46	26.1	4.96	27.3	6.40	26.8	4.30	28.2	5.49	25.3	6.52	32.6	5.29	48.2	2.15	28.0	6.22	28.5	5.51	28.6	6.24	28.1	6.74	28.5	5.52	30.4
03:30 06/01/2017	-6.2	4.20	5.96	0.6	2.6	3.6	4.85	25.3	8.04	27.2	5.46	26.1	4.95	27.3	6.40	26.8	4.28	28.2	5.49	25.3	6.52	32.4	5.29	48.0	2.15	28.0	6.22	28.7	5.51	28.7	6.24	28.1	6.74	28.6	5.52	30.6
03:40 06/01/2017	-6.2	4.19	5.96	0.6	2.8	3.8	4.85	25.3	8.04	27.2	5.46	26.2	4.95	27.3	6.40	26.8	4.27	28.2	5.49	25.3	6.52	32.6	5.29	45.1	2.15	28.0	6.22	28.8	5.51	28.8	6.24	28.1	6.74	28.7	5.52	30.8
03:50 06/01/2017	-6.2	4.19	5.96	0.6	2.3	3.7	4.84	25.4	8.04	27.2	5.46	26.2	4.95	27.3	6.40	26.8	4.26	28.2	5.49	25.3	6.52	32.7	5.29	44.8	2.15	28.0	6.22	28.7	5.51	28.7	6.24	28.1	6.74	28.6	5.52	30.5
04:00 06/01/2017	-6.2	4.18	5.96	0.6	2.6	3.6	4.84	25.4	8.04	27.2	5.45	26.2	4.94	27.2	6.40	26.8	4.25	28.2	5.49	25.3	6.52	32.7	5.28	48.1	2.15	28.0	6.22	28.6	5.51	28.6	6.24	28.1	6.74	28.5	5.52	30.1
04:10 06/01/2017	-6.2	4.16	5.96	0.5	2.5	3.8	4.83	25.5	8.04	27.3	5.45	26.1	4.94	26.8	6.40	26.8	4.23	28.1	5.48	25.3	6.52	32.5	5.28	48.2	2.15	28.0	6.22	28.5	5.50	28.5	6.24	28.1	6.74	28.4	5.52	29.7
04:20 06/01/2017	-6.2	4.15	5.95	0.6	2.8	3.7	4.83	25.6	8.04	27.3	5.44	26.1	4.93	26.6	6.40	26.8	4.22	28.0	5.48	25.3	6.52	32.5	5.27	48.1	2.15	28.0	6.22	28.3	5.50	28.3	6.24	28.1	6.75	28.3	5.52	29.5
04:30 06/01/2017	-6.2	4.13	5.95	0.5	2.6	3.3	4.82	25.7	8.05	27.4	5.44	26.1	4.92	26.8	6.39	26.8	4.20	28.1	5.47	25.4	6.51	32.7	5.27	49.2	2.15	28.0	6.22	28.2	5.50	28.3	6.23	28.1	6.74	28.2	5.52	29.2
04:40 06/01/2017	-6.2	4.11	5.95	0.6	2.7	3.9	4.82	25.8	8.05	27.4	5.43	26.1	4.91	26.9	6.39	27.0	4.19	28.2	5.47	25.4	6.51	32.7	5.27	50.1	2.15	28.0	6.22	28.1	5.50	28.3	6.23	28.1	6.74	28.1	5.51	29.2
04:50 06/01/2017	-6.2	4.10	5.95	0.6	2.5	3.9	4.80	25.7	8.05	27.5	5.43	26.2	4.90	27.1	6.39	27.0	4.17	28.2	5.47	25.5	6.51	32.5	5.27	46.8	2.15	28.1	6.22	28.2	5.50	28.3	6.23	28.1	6.74	28.2	5.51	29.6
05:00 06/01/2017	-6.2	4.09	5.95	0.4	2.5	3.6	4.79	25.7	8.05	27.5	5.42	26.2	4.89	27.2	6.39	27.1	4.16	28.3	5.46	25.5	6.51	32.7	5.26	50.0	2.15	28.1	6.22	28.5	5.50	28.5	6.23	28.2	6.74	28.4	5.51	30.0
05:10 06/01/2017	-6.2	4.09	5.95	0.3	2.5	3.5	4.79	25.9	8.06	27.5	5.42	26.3	4.88	27.1	6.39	27.1	4.15	28.3	5.46	25.5	6.51	32.7	5.26	49.6	2.15	28.1	6.22	28.6	5.50	28.6	6.23	28.2	6.74	28.5	5.51	30.3
05:20 06/01/2017	-6.2	4.07	5.95	0.3	2.7	3.9	4.78	26.0	8.06	27.6	5.41	26.2	4.87	26.7	6.39	27.1	4.13	28.1	5.46	25.4	6.51	32.5	5.26	49.0	2.15	28.0	6.20	28.8	5.50	28.7	6.23	28.2	6.74	28.7	5.50	30.6
05:30 06/01/2017	-6.2	4.06	5.94	0.4	2.5	3.2	4.77	26.1	8.06	27.6	5.41	26.2	4.86	26.5	6.39	27.1	4.11	28.0	5.46	25.5	6.51	32.6	5.25	48.8	2.15	28.0	6.20	29.0	5.50	28.8	6.23	28.2	6.74	28.8	5.50	30.8
05:40 06/01/2017	-6.2	4.05	5.94	0.3	2.7	3.6	4.77	26.1	8.06	27.6	5.41	26.1	4.85	26.5	6.39	27.1	4.10	28.0	5.46	25.5	6.50	32.8	5.25	49.2	2.15	28.0	6.20	28.8	5.50	28.7	6.22	28.2	6.74	28.7	5.50	30.4
05:50 06/01/2017	-6.2	4.04	5.94	0.4	2.7	3.9	4.76	26.1	8.06	27.6	5.40	26.2	4.85	26.7	6.38	27.1	4.09	28.1	5.46	25.5	6.50	32.5	5.25	49.4	2.15	28.0	6.20	28.7	5.50	28.7	6.22	28.2	6.74	28.7	5.49	30.1
06:00 06/01/2017	-6.2	4.03	5.94	0.4	2.6	3.7	4.76	26.2	8.06	27.7	5.40	26.2	4.84	26.9	6.38	27.2	4.08	28.1	5.46	25.5	6.50	32.5	5.24	49.3	2.15	28.0	6.20	28.7	5.48	28.6	6.22	28.2	6.74	28.6	5.49	29.8
06:10 06/01/2017	-6.2	4.02	5.94	0.4	2.6	3.7	4.75	26.2	8.06	27.7	5.40	26.3	4.84	27.1	6.39	27.2	4.07	28.2	5.46	25.5	6.50	32.7	5.24	46.0	2.15	27.9	6.20	28.5	5.48	28.5	6.23	28.2	6.74	28.5	5.49	29.6
06:20 06/01/2017	-6.2	4.00	5.93	0.4	2.4	3.3	4.75	26.1	8.06	27.7	5.39	26.3	4.85	27.0	6.38	27.2	4.07	28.2	5.45	25.5	6.50	32.5	5.23	49.3	2.15	28.0	6.20	28.4	5.48	28.5	6.23	28.2	6.73	28.4	5.49	29.4
06:30 06/01/2017	-6.2	4.00	5.93	0.4	2.8	3.0	4.75	26.0	8.06	27.7	5.39	26.3	4.84	26.7	6.38	27.2	4.06	28.0	5.45	25.5	6.50	32.5	5.23	49.2	2.15	28.0	6.20	28.3	5.48	28.5	6.23	28.2	6.73	28.3	5.49	29.2
06:40 06/01/2017	-6.2	3.99	5.93	0.3	2.7	3.9	4.75	25.9	8.06	27.7	5.38	26.2	4.84	26.5	6.38	27.1	4.06	27.5	5.45	25.5	6.50	32.8	5.22	49.1	2.15	27.8	6.19	28.2	5.48	28.4	6.23	28.2	6.73	28.3	5.49	29.1
06:50 06/01/2017	-6.2	3.98	5.93	0.4	2.1	3.9	4.75	25.7	8.06	27.7	5.38	26.2	4.84	26.3	6.39	27.1	4.05	27.1	5.46	25.4	6.50	32.6	5.22	49.6	2.15	27.7	6.19	28.3	5.48	28.5	6.23	28.1	6.73	28.5	5.49	29.6
07:00 06/01/2017	-6.2	3.97	5.92	0.4	2.7	3.7	4.75	25.4	8.06	27.6	5.38	26.1	4.84	26.2	6.39	27.0	4.05	26.8	5.47	25.3	6.49	32.5	5.22	49.6	2.15	27.6	6.19	28.5	5.48	28.6	6.23	28.0	6.73	28.5	5.49	29.9
07:10 06/01/2017	-6.2	3.96	5.92	0.3	2.7	3.6	4.74	25.4	8.06	27.6	5.38	26.1	4.86	26.4	6.39	26.9	4.05	26.7	5.47	25.2	6.49	32.6	5.22	49.2	2.15	27.6	6.19	28.6	5.48	28.7	6.23	27.9	6.73	28.7	5.48	30.2
07:20 06/01/2017	-6.2	3.95	5.92	0.4	2.4	3.9	4.74	25.3	8.05	27.6	5.38	26.2	4.86	26.5	6.39	26.9	4.05	26.7	5.47	25.2	6.49	32.7	5.22	46.6	2.15	27.5	6.19	28.8	5.48	28.7	6.23	27.8	6.73	28.8	5.48	30.5
07:30 06/01/2017	-6.2	3.95	5.92	0.3	2.8	3.9	4.74	25.0	8.05	27.5	5.37	26.2	4.86	26.7	6.39	26.9	4.04	26.8	5.47	25.1	6.49	32.6	5.21	45.3	2.15	27.4	6.19	28.9	5.48	28.8	6.23	27.8	6.72	28.9	5.48	30.7
07:40 06/01/2017	-6.2	3.94	5.92	0.2	2.4	3.2	4.73	24.8	8.05	27.5	5.37	26.3	4.86	26.8	6.39	26.9	4.04	26.8	5.47	25.6	6.49	32.5	5.21	45.7	2.15	27.5	6.19	29.0	5.48	28.8	6.24	27.8	6.72	28.9	5.48	30.6
07:50 06/01/2017	-6.2	3.93	5.92	0.3	2.5	3.7	4.73	24.1	8.05	27.5	5.37	26.3	4.86	26.8	6.39	27.0	4.04	26.8	5.47	26.0	6.49	32.6	5.21	46.2	2.15	27.6	6.19	28.8	5.48	28.7	6.24	27.7	6.72	28.8	5.48	30.2
08:00 06/01/2017	-6.2	3.92	5.92	0.2	2.4	3.2	4.73	23.7	8.05	27.5	5.37	26.4	4.86	27.0	6.39	27.0	4.03	26.9	5.47	26.2	6.49	32.7	5.21	49.7	2.15	27.6	6.19	28.7	5.47	28.7	6.24	27.7	6.72	28.7	5.48	29.9
08:10 06/01/2017	-6.2	3.91	5.91	0.3	2.7	3.7	4.73	23.6	8.05	27.5	5.37	26.5	4.86	27.0	6.39	27.0	4.02	27.0	5.47	26.5	6.49	32.6	5.21	49.7	2.15	27.6	6.19	28.6	5.47	28.6	6.24	27.7	6.72	28.6	5.48	29.6
08:20 06/01/2017	-6.2	3.90	5.91	0.3	2.6	3.7	4.72	23.7	8.04	27.5	5.37	26.5	4.86	27.0	6.39	27.0	4.02	27.0	5.47	26.6	6.49	32.5	5.21	49.8	2.15	27.7	6.19	28.4	5.47	28.5	6.24	27.7	6.72	28.6	5.48	29.3
08:30 06/01/2017	-6.2	3.90	5.91	0.3	2.8	3.4	4.72	23.9	8.04	27.5	5.37	26.5	4.86	27.1	6.39	27.0	4.01	27.0	5.47	26.7	6.49	32.8	5.20	49.8	2.15	27.7	6.19	28.3	5.47	28.5	6.24	27.7	6.72	28.5	5.48	29.1
08:40 06/01/2017	-6.2	3.88	5.91	0.5	2.8	3.7	4.71	24.1	8.04	27.5	5.36	26.5	4.85	27.0	6.39	27.1	4.00	26.9	5.46	26.6	6.49	33.1	5.20	46.0	2.15	27.7	6.19	28.2	5.47	28.4	6.24	27.7	6.72	28.3	5.48	29.1
08:50 06/01/2017	-6.2	3.86	5.90	0.4	2.7	3.5	4.71	24.3	8.04	27.5	5.36	26.4	4.85	26.6	6.39	27.0	3.99	26.6	5.46	26.3	6.48	32.7	5.20	46.5	2.15	27.6	6.19	28.3	5.47	28.5	6.24	27.6	6.72	28.4	5.48	29.6
09:00 06/01/2017	-6.2	3.86	5.90	0.5	2.5	3.6	4.70	24.6	8.04	27.5	5.36	26.4	4.84	26.4	6.39	26.9	3.98	26.5	5.46	26.0	6.48	32.5	5.20	46.4	2.15	27.5	6.19	28.5	5.47	28.5	6.24	27.6	6.72	28.4	5.47	30.0
09:10 06/01/2017	-6.2	3.85	5.90	0.4	2.9	3.6	4.70	24.8	8.04	27.4	5.36	26.3	4.84	26.6	6.39	26.9	3.98	26.5	5.46	25.7	6.48	32.8	5.20	46.5	2.15	27.5	6.19	28.7	5.47	28.5	6.24	27.6	6.72	28.5	5.47	30.3
09:20 06/01/2017	-6.2	3.84	5.90	0.2	2.8	3.4	4.70	24.8	8.05	27.5	5.36	26.3	4.84	26.7	6.39	26.8	3.97	26.6	5.46	25.6	6.48	32.8	5.19	46.4	2.15	27.5	6.18	28.8	5.47	28.6	6.24	27.5	6.72	28.5	5.47	30.7
09:30 06/01/2017	-6.2	3.83	5.90	0.4	3.0	2.7	4.70	24.9	8.04	27.4	5.35	26.3	4.83	26.7	6.39	26.9	3.96	26.7	5.46	25.5	6.48	32.3	5.19	46.4	2.15	27.5	6.18	29.0	5.47	28.7	6.23	27.5	6.72	28.9	5.47	26.5
09:40 06/01/2017	-6.2	3.83	5.90	0.3	3.2	3.1	4.69	24.8	8.04	27.4	5.35	26.4	4.83	26.8	6.39	26.8	3.95	26.7	5.46	25.4	6.48	31.7	5.19	46.2	2.15	27.6	6.18	29.2	5.46	29.2	6.23	27.5	6.72	29.1	5.47	28.3
09:50 06/01/2017	-6.2	3.82	5.90	0.4	3.2	3.6	4.69	24.7	8.04	27.3	5.35	26.5	4.83	26.3	6.39	26.8	3.94	26.8	5.46	25.3	6.48	31.2	5.19	49.3	2.15	27.3	6.18	29.4	5.46	29.6	6.23	27.5	6.72	29.3	5.47	28.3
10:00 06/01/2017	-6.2	3.81	5.90	0.4	3.2	3.4	4.69	24.7	8.04	27.3	5.35	26.5	4.83	25.1	6.39	26.8	3.93	26.8	5.46	25.4	6.48	30.9	5.19	49.5	2.15	27.3	6.18	29.6	5.46	29.8	6.23	27.5	6.72	29.6	5.47	28.4
10:10 06/01/2017	-6.2	3.80	5.90	0.4	2.9	3.5	4.69	24.7	8.04	27.2	5.35	26.5	4.82	24.6	6.40	26.8	3.93	26.8	5.47	25.6	6.48	30.8	5.19	49.6	2.15	27.2	6.18	29.7	5.46	30.1	6.23	27.4	6.72	29.8	5.47	28.5
10:20 06/01/2017	-6.2	3.80	5.90	0.4	3.2	3.1	4.69	24.6	8.04	27.2	5.35	26.5	4.82	24.3	6.40	26.8	3.92	26.8	5.47	25.7	6.48	30.7	5.19	49.6	2.15	27.2	6.18	29.9	5.46	30.3	6.23	27.3	6.72	30.0	5.47	28.5
10:30 06/01/2017	-6.2	3.79	5.89	0.5	3.3	3.7	4.68	24.6	8.04	27.2	5.35	26.5	4.82	24.2	6.40	26.8	3.92	26.9	5.47	25.8	6.48	30.6	5.19	49.5	2.15	27.2	6.18	30.1	5.46	30.5	6.23	27.3	6.72	30.1	5.47	28.6
10:40 06/01/2017	-6.2	3.78	5.89	0.2	3.4	3.5	4.68	24.7	8.04	27.2	5.34	26.5	4.82	24.8	6.40	26.8	3.92	26.9	5.47	25.8	6.48	30.5	5.18	50.1	2.15	27.2	6.18	30.2	5.46	30.7	6.23	27.3	6.71	30.3	5.47	28.6
10:50 06/01/2017	-6.2	3.77	5.89	0.3	2.7	3.8	4.68	24.7	8.04	27.1	5.34	26.5	4.82	25.6	6.40	26.7	3.91	26.9	5.47	25.9	6.48	30.5	5.19	50.0	2.15	27.3	6.18	30.0	5.46	30.5	6.23	27.3	6.71	30.1	5.47	28.6
11:00 06/01/2017	-6.2	3.76	5.89	0.4	3.3	3.3	4.67	24.7	8.04	27.1	5.34	26.5	4.82	22.2	6.40	26.7	3.91	26.9	5.47	25.9	6.48	30.4	5.19	50.0	2.15	27.3	6.18	29.7	5.46	30.2	6.23	27.2	6.71	29.9	5.47	28.5
11:10 06/01/2017	-6.2	3.75	5.89	0.3	3.4	3.8	4.67	24.8	8.04	27.1	5.34	26.6	4.82	22.6	6.40	26.7	3.91	26.9	5.45	26.0	6.48	30.5	5.19	49.7	2.15	27.3	6.18	29.5	5.46	30.0	6.23	27.2	6.72	29.7	5.46	28.3
11:20 06/01/2017	-6.2	3.74	5.88	0.3	3.2	3.5	4.67	24.7	8.04	27.1	5.34	26.6	4.82	22.1	6.40	26.7	3.90	26.9	5.45	26.1	6.48	31.0	5.19	49.5	2.15	26.8	6.18	29.3	5.46	29.8	6.23	27.2	6.72	29.5	5.46	28.3
11:30 06/01/2017	-6.2	3.73	5.88	0.4	3.3	2.9	4.66	24.7	8.04	27.0	5.34	26.6	4.82	22.3	6.40	26.7	3.89	26.9	5.45	26.2	6.48	31.3	5.19	45.6	2.15	26.5	6.18	29.1	5.46	29.7	6.23	27.2	6.72	29.3	5.47	28.2
11:40 06/01/2017	-6.2	3.72	5.88	0.5	3.2	3.8	4.66	24.7	8.04	27.0	5.34	26.6	4.81	22.5	6.40	26.7	3.87	26.9	5.45	26.3	6.47	31.6	5.19	46.0	2.15	26.3	6.18	28.9	5.46	29.5	6.23	27.1	6.72	29.2	5.46	28.1
11:50 06/01/2017	-6.2	3.71	5.88	0.4	3.1	3.8	4.66	24.7	8.04	27.0	5.34	26.6	4.80	22.7	6.40	26.7	3.85	27.0	5.45	26.6	6.47	31.8	5.19	50.0	2.15	26.5	6.18	28.7	5.46	29.4	6.23	27.1	6.72	29.0	5.46	28.0
12:00 06/01/2017	-6.2	3.71	5.88	0.5	3.4	3.8	4.66	24.7	8.04	27.0	5.34	26.6	4.80	23.0	6.40	26.7	3.84	27.0	5.45	26.8	6.47	32.1	5.19	50.1	2.15	26.6	6.18	28.6	5.45	29.3	6.23	27.1	6.72	28.9	5.46	28.0
12:10 06/01/2017	-6.2	3.70	5.88	0.5	2.9	3.8	4.65	24.7	8.04	27.0	5.34	26.6	4.79	23.2	6.40	26.7	3.83	27.0	5.45	26.9	6.47	32.2	5.18	50.2	2.15	26.6	6.18	28.8	5.45	29.5	6.23	27.1	6.72	29.1	5.46	28.0
12:20 06/01/2017	-6.2	3.69	5.88	0.5	3.1	3.7	4.65	24.6	8.04	26.9	5.34	26.6	4.79	23.3	6.40	26.7	3.83	27.0	5.45	27.0	6.47	32.4	5.18	50.2	2.15	26.7	6.18	29.1	5.45	29.7	6.23	27.0	6.72	29.3	5.46	28.1
12:30 06/01/2017	-6.2	3.68	5.88	0.4	2.7	3.9	4.65	24.6	8.04	26.8	5.33	26.6	4.79	23.5	6.40	26.7	3.82	27.0	5.45	27.1	6.47	32.3	5.18	50.3	2.15	26.8	6.18	29.3	5.45	30.0	6.23	27.0	6.72	29.5	5.46	28.1
12:40 06/01/2017	-6.2	3.66	5.88	0.4	3.1	3.2	4.64	24.6	8.04	26.8	5.33	26.6	4.79	23.6	6.40	26.7	3.81	27.0	5.45	27.1	6.47	32.2	5.18	50.3	2.15	26.9	6.18	29.5	5.45	30.2	6.23	27.0	6.71	29.7	5.46	28.2
12:50 06/01/2017	-6.2	3.65	5.88	0.4	3.4	2.9	4.64	24.6	8.04	26.8	5.33	26.6	4.78	23.7	6.40	26.7	3.81	27.0	5.45	27.2	6.47	32.2	5.18	50.3	2.15	27.0	6.18	29.6	5.45	30.3	6.24	27.0	6.71	29.8	5.46	28.2
13:00 06/01/2017	-6.2	3.64	5.88	0.4	3.6	3.8	4.64	24.6	8.04	26.8	5.33	26.6	4.78	24.0	6.40	26.7	3.80	27.0	5.45	27.2	6.47	32.2	5.17	49.6	2.15	27.0	6.18	29.8	5.45	30.5	6.24	26.9	6.71	30.0	5.45	28.3
13:10 06/01/2017	-6.2	3.63	5.88	0.3	3.5	3.7	4.63	24.6	8.04	26.8	5.33	26.7	4.78	24.2	6.40	26.7	3.80	27.0	5.45	27.2	6.47	32.2	5.17	50.0	2.15	27.1	6.18	30.0	5.45	30.7	6.24	26.9	6.71	30.2	5.45	28.3
13:20 06/01/2017	-6.2	3.62	5.88	0.4	3.4	3.4	4.63	24.7	8.04	26.8	5.32	26.7	4.78	24.4	6.40	26.7	3.79	27.0	5.45	27.2	6.47	32.2	5.17	50.3	2.15	27.0	6.17	30.1	5.45	30.8	6.24	26.8	6.71	30.2	5.45	28.5
13:30 06/01/2017	-6.2	3.61	5.87	0.3	3.3	3.8	4.63	24.7	8.04	26.7	5.32	26.6	4.77	24.6	6.40	26.7	3.78	27.0	5.45	27.0	6.46	32.2	5.17	50.3	2.15	26.7	6.17	29.9	5.45	30.6	6.24	26.9	6.71	30.1	5.45	28.4
13:40 06/01/2017	-6.2	3.39	5.87	0.5	3.4	3.0	4.62	24.7	8.04	26.7	5.32	26.7	4.77	24.8	6.41	26.7	3.78	27.0	5.45	26.7	6.46	32.2	5.17	50.3	2.15	26.5	6.17	29.7	5.44	30.3	6.24	26.9	6.71	29.9	5.45	28.3
13:50 06/01/2017	-6.2	3.38	5.87	0.4	0.7	3.9	4.62	24.7	8.04	26.7	5.32	26.7	4.77	25.1	6.41	26.7	3.79	27.0	5.45	26.6	6.46	32.1	5.17	50.3	2.15	26.2	6.17	29.4	5.44	30.1	6.24	26.8	6.71	29.7	5.45	28.2
14:00 06/01/2017	-6.2	3.37	5.87	0.4	0.7	3.9	4.62	24.7	8.04	26.7	5.32	26.6	4.78	25.0	6.41	26.7	3.79	27.0	5.45	26.5	6.46	32.1	5.17	50.3	2.15	25.9	6.17	29.2	5.44	29.9	6.24	26.8	6.71	29.5	5.45	28.2
14:10 06/01/2017	-6.2	3.36	5.87	0.4	0.8	3.7	4.62	24.7	8.04	26.7	5.32	26.6	4.78	25.0	6.41	26.7	3.79	27.0	5.45	26.4	6.46	32.1	5.16	50.3	2.15	25.7	6.17	29.1	5.44	29.8	6.24	26.8	6.71	29.4	5.45	28.1
14:20 06/01/2017	-6.2	3.35	5.87	0.4	0.8	3.8	4.61	24.7	8.04	26.7	5.31	26.6	4.77	24.8	6.41	26.6	3.77	27.0	5.45	26.4	6.46	32.1	5.16	50.3	2.15	25.8	6.17	29.2	5.44	30.0	6.24	26.8	6.70	29.5	5.45	28.3
14:30 06/01/2017	-6.2	3.34	5.87	0.5	0.7	3.9	4.61	24.7	8.04	26.6	5.31	26.6	4.76	24.7	6.41	26.6	3.76	27.0	5.45	26.6	6.46	32.1	5.16	50.3	2.15	26.0	6.17	29.2	5.44	30.3	6.25	26.8	6.70	29.5	5.45	28.6
14:40 06/01/2017	-6.2	3.33	5.87	0.4	0.7	3.2	4.61	24.6	8.04	26.7	5.31	26.6	4.76	24.6	6.41	26.6	3.76	27.0	5.45	26.8	6.46	32.1	5.16	50.2	2.15	26.1	6.17	29.3	5.44	30.5	6.24	26.8	6.70	29.6	5.44	28.8
14:50 06/01/2017	-6.2	3.32	5.87	0.5	0.8	3.9	4.61	24.6	8.03	26.7	5.31	26.6	4.76	24.5	6.41	26.6	3.75	27.0	5.45	27.0	6.45	32.1	5.16	50.2	2.15	26.3	6.17	29.5	5.44	30.6	6.24	26.7	6.70	29.7	5.44	29.0
15:00 06/01/2017	-6.2	3.53	5.87	0.6	0.8	3.3	4.60	24.6	8.03	26.7	5.31	26.6	4.76	24.4	6.41	26.6	3.76	27.0	5.45	27.1	6.45	32.1	5.16	50.1	2.15	26.5	6.17	29.6	5.44	30.8	6.24	26.7	6.70	29.8	5.44	29.2
15:10 06/01/2017	-6.2	3.53	5.86	0.5	0.8	3.9	4.60	24.6	8.03	26.7	5.31	26.6	4.76	24.4	6.41	26.6	3.76	26.9	5.45	27.2	6.45	32.1	5.15	50.2	2.15	26.7	6.17	29.6	5.43	30.9	6.24	26.7	6.70	29.8	5.44	29.3
15:20 06/01/2017	-6.2	3.52	5.86	0.4	0.7	3.6	4.60	24.7	8.03	26.7	5.31	26.6	4.76	24.5	6.41	26.5	3.76	26.9	5.45	27.2	6.45	32.1	5.15	50.3	2.15	26.8	6.16	29.7	5.43	31.1	6.24	26.7	6.70	29.9	5.44	29.5
15:30 06/01/2017	-6.2	3.52	5.86	0.5	0.8	3.9	4.60	24.6	8.03	26.7	5.31	26.5	4.76	24.4	6.41	26.5	3.75	26.9	5.45	27.3	6.45	32.1	5.15	50.3	2.15	27.0	6.16	29.8	5.43	31.2	6.24	26.7	6.70	30.0	5.44	29.6
15:40 06/01/2017	-6.2	3.50	5.86	0.4	0.8	4.0	4.60	24.6	8.03	26.7	5.31	26.5	4.75	24.4	6.41	26.5	3.75	26.9	5.45	27.2	6.45	32.1	5.15	50.3	2.15	26.7	6.16	29.8	5.43	31.3	6.24	26.7	6.70	30.0	5.44	29.8
15:50 06/01/2017	-6.2	3.49	5.86	0.4	0.7	3.7	4.59	24.7	8.03	26.6	5.30	26.6	4.75	24.5	6.42	26.5	3.75	26.8	5.45	26.9	6.45	32.1	5.15	50.3	2.15	26.3	6.16	29.9	5.43	31.4	6.24	26.7	6.69	30.1	5.44	29.9
16:00 06/01/2017	-6.2	3.48	5.86	0.4	0.8	3.9	4.59	24.9	8.03	26.6	5.30	26.5	4.75	24.8	6.42	26.5	3.74	26.8	5.45	26.7	6.44	32.1	5.15	50.3	2.15	26.2	6.16	30.0	5.43	31.5	6.24	26.7	6.69	30.1	5.44	30.0
16:10 06/01/2017	-6.2	3.47	5.86	0.5	0.8	3.6	4.59	25.0	8.03	26.5	5.30	26.5	4.75	24.8	6.42	26.4	3.74	26.8	5.45	26.6	6.44	32.1	5.15	50.1	2.15	26.0	6.16	30.0	5.43	31.6	6.24	26.6	6.69	30.2	5.44	30.1
16:20 06/01/2017	-6.2	3.46	5.86	0.5	0.7	3.3	4.59	24.9	8.02	26.5	5.30	26.4	4.75	24.9	6.42	26.3	3.73	26.8	5.45	26.5	6.44	32.3	5.15	50.3	2.15	25.8	6.16	30.0	5.43	31.5	6.25	26.6	6.69	30.2	5.44	30.2
16:30 06/01/2017	-6.2	3.46	5.86	0.6	0.8	3.8	4.59	24.8	8.02	26.5	5.30	26.4	4.74	24.8	6.42	26.2	3.73	26.7	5.46	26.4	6.43	32.2	5.15	45.1	2.15	25.6	6.16	29.8	5.43	31.1	6.26	26.6	6.69	30.0	5.44	30.0
16:40 06/01/2017	-6.2	3.45	5.86	0.5	0.8	3.4	4.58	24.8	8.02	26.4	5.30	26.3	4.74	24.7	6.42	26.2	3.73	26.7	5.46	26.4	6.45	32.2	5.15	45.6	2.15	25.7	6.17	29.5	5.43	30.8	6.26	26.5	6.69	29.7	5.45	29.7
16:50 06/01/2017	-6.2	3.45	5.86	0.5	0.8	3.8	4.58	24.8	8.02	26.3	5.30	26.3	4.74	24.7	6.42	26.1	3.73	26.7	5.46	26.6	6.45	32.1	5.15	47.1	2.15	25.7	6.17	29.3	5.43	30.6	6.26	26.5	6.69	29.5	5.45	29.5
17:00 06/01/2017	-6.2	3.44	5.86	0.5	0.7	3.7	4.58	24.7	8.01	26.3	5.30	26.3	4.74	24.6	6.42	26.1	3.72	26.6	5.46	26.8	6.45	32.1	5.15	46.6	2.15	25.8	6.17	29.1	5.43	30.3	6.26	26.4	6.69	29.2	5.45	29.3
17:10 06/01/2017	-6.2	3.43	5.86	0.6	0.8	3.9	4.58	24.7	8.01	26.3	5.31	26.2	4.74	24.6	6.42	26.0	3.72	26.5	5.46	26.9	6.45	32.1	5.15	45.4	2.15	26.1	6.17	28.8	5.43	30.0	6.27	26.3	6.69	29.0	5.46	29.1
17:20 06/01/2017	-6.2	3.42	5.86	0.7	0.8	4.0	4.58	24.6	8.01	26.2	5.31	26.2	4.74	24.5	6.42	26.0	3.72	26.5	5.47	27.0	6.45	32.1	5.15	47.0	2.15	26.2	6.17	28.8	5.43	30.0	6.27	26.3	6.69	28.9	5.46	29.0
17:30 06/01/2017	-6.2	3.42	5.86	0.6	0.7	4.0	4.57	24.5	8.01	26.2	5.31	26.2	4.74	24.5	6.42	25.9	3.71	26.4	5.47	27.0	6.45	32.1	5.16	47.1	2.15	26.4	6.17	29.0	5.43	30.1	6.27	26.3	6.69	29.0	5.46	29.1
17:40 06/01/2017	-6.2	3.42	5.86	0.6	0.8	3.5	4.57	24.3	8.01	26.2	5.31	26.1	4.74	24.2	6.42	25.8	3.71	26.4	5.47	27.1	6.45	32.2	5.16	47.5	2.15	26.5	6.17	29.2	5.43	30.2	6.27	26.2	6.69	29.0	5.46	29.2
17:50 06/01/2017	-6.2	3.41	5.86	0.6	0.8	3.4	4.57	24.1	8.01	26.1	5.31	26.1	4.74	24.0	6.42	25.8	3.71	26.3	5.47	27.1	6.45	32.3	5.16	47.1	2.15	26.6	6.17	29.3	5.43	30.3	6.27	26.2	6.69	29.0	5.46	29.2
18:00 06/01/2017	-6.2	3.40	5.88	0.7	0.8	3.5	4.57	24.0	8.01	26.1	5.31	26.0	4.74	23.8	6.42	25.7	3.70	26.3	5.47	27.1	6.45	32.2	5.16	45.8	2.15	26.7	6.17	29.5	5.43	30.5	6.27	26.1	6.69	29.1	5.46	29.2
18:10 06/01/2017	-6.2	3.39	5.88	0.6	0.8	3.9	4.57	24.0	8.01	26.0	5.31	26.0	4.74	23.7	6.42	25.6	3.70	26.2	5.47	27.2	6.45	32.1	5.16	47.3	2.15	26.8	6.17	29.6	5.43	30.6	6.27	26.1	6.69	29.1	5.46	29.3
18:20 06/01/2017	-6.2	3.38	5.88	0.6	0.8	4.0	4.56	24.0	8.01	25.9	5.31	25.9	4.73	23.7	6.42	25.6	3.69	26.2	5.47	27.2	6.45	32.1	5.16	47.2	2.15	26.8	6.17	29.7	5.43	30.7	6.27	26.1	6.69	29.2	5.46	29.3
18:30 06/01/2017	-6.2	3.37	5.88	0.5	0.8	4.1	4.56	23.9	8.01	25.9	5.31	25.8	4.73	23.6	6.42	25.6	3.69	26.2	5.47	27.2	6.45	32.1	5.16	46.8	2.15	26.9	6.17	29.8	5.43	30.8	6.27	26.0	6.69	29.2	5.46	29.4
18:40 06/01/2017	-6.2	3.36	5.88	0.6	0.8	4.0	4.56	23.9	8.01	25.8	5.31	25.8	4.73	23.6	6.42	25.5	3.69	26.1	5.47	27.1	6.45	32.3	5.16	47.1	2.15	26.4	6.17	29.9	5.43	30.7	6.27	25.9	6.69	29.2	5.46	29.5
18:50 06/01/2017	-6.2	3.35	5.88	0.6	0.7	3.3	4.56	23.9	8.01	25.8	5.31	25.7	4.73	23.5	6.42	25.5	3.68	26.2	5.47	26.7	6.45	32.3	5.16	46.5	2.15	26.1	6.17	30.1	5.43	30.6	6.27	25.8	6.69	29.3	5.46	29.6
19:00 06/01/2017	-6.2	3.34	5.88	0.5	0.7	3.8	4.55	23.9	8.01	25.7	5.31	25.9	4.73	23.5	6.42	25.4	3.68	26.7	5.47	26.6	6.45	32.2	5.16	49.5	2.15	25.8	6.17	30.3	5.43	30.5	6.27	25.8	6.69	29.4	5.46	29.7
19:10 06/01/2017	-6.2	3.33	5.88	0.5	0.8	3.8	4.55	23.9	8.01	25.7	5.31	26.1	4.72	23.4	6.42	25.4	3.67	27.3	5.47	26.5	6.45	32.1	5.16	48.0	2.15	25.7	6.17	30.4	5.43	30.3	6.27	25.8	6.69	29.5	5.45	29.7
19:20 06/01/2017	-6.2	3.33	5.88	0.6	0.8	4.0	4.55	23.9	8.01	25.7	5.31	26.2	4.72	23.4	6.42	25.4	3.67	27.1	5.47	26.3	6.45	32.1	5.16	49.5	2.15	25.5	6.17	30.6	5.44	30.2	6.27	25.8	6.69	29.6	5.45	29.8
19:30 06/01/2017	-6.2	3.32	5.88	0.6	0.8	3.2	4.54	23.8	8.01	25.6	5.31	26.1	4.72	23.4	6.42	25.5	3.66	27.0	5.47	26.5	6.45	32.2	5.16	49.6	2.15	25.7	6.17	30.7	5.44	30.1	6.27	25.7	6.70	29.6	5.45	29.9
19:40 06/01/2017	-6.2	3.32	5.88	0.6	0.6	4.0	4.54	23.8	8.01	25.6	5.31	26.0	4.72	23.4	6.42	25.5	3.65	26.8	5.47	26.7	6.45	32.3	5.16	50.3	2.15	25.9	6.18	30.8	5.43	30.0	6.27	25.7	6.70	29.7	5.45	30.0
19:50 06/01/2017	-6.2	3.31	5.88	0.5	0.8	4.1	4.54	23.8	8.01	25.6	5.31	26.0	4.71	23.4	6.42	25.5	3.65	26.7	5.47	26.8	6.45	32.2	5.16	47.9	2.15	26.1	6.18	30.9	5.43	29.9	6.27	25.7	6.70	29.7	5.45	30.1
20:00 06/01/2017	-6.2	3.30	5.88	0.5	0.8	4.0	4.54	23.8	8.01	25.6	5.32	26.0	4.71	23.4	6.42	25.5	3.64	26.6	5.47	26.8	6.45	32.1	5.16	44.1	2.15	26.3	6.18	31.0	5.43	29.8	6.27	25.7	6.70	29.8	5.45	30.1
20:10 06/01/2017	-6.2	3.29	5.88	0.5	0.7	3.5	4.53	23.8	8.01	25.5	5.32	25.9	4.71	23.4	6.42	25.5	3.64	26.5	5.47	27.0	6.45	32.0	5.16	47.9	2.15	26.5	6.18	31.1	5.43	29.8	6.27	25.6	6.70	29.8	5.45	30.2
20:20 06/01/2017	-6.2	3.28	5.88	0.6	0.8	3.6	4.53	23.8	8.01	25.5	5.32	25.9	4.71	23.4	6.42	25.4	3.63	26.4	5.47	27.0	6.45	32.0	5.16	45.8	2.15	26.6	6.18	31.2	5.43	29.7	6.27	25.6	6.70	29.9	5.45	30.2
20:30 06/01/2017	-6.2	3.27	5.88	0.5	0.8	3.7	4.53	23.8	8.01	25.5	5.32	25.8	4.71	23.4	6.42	25.4	3.63	26.3	5.47	27.1	6.45	32.3	5.16	44.6	2.15	26.6	6.18	31.2	5.43	29.6	6.27	25.6	6.70	30.0	5.45	30.3
20:40 06/01/2017	-6.2	3.26	5.88	0.5	0.8	3.7	4.53	23.8	8.01	25.5	5.32	25.8	4.70	23.4	6.42	25.3	3.62	26.2	5.47	27.1	6.45	32.2	5.16	47.8	2.15	26.7	6.18	31.3	5.43	29.6	6.27	25.5	6.71	30.0	5.45	30.3
20:50 06/01/2017	-6.2	3.25	5.88	0.6	0.7	3.8	4.52	23.8	8.02	25.4	5.32	25.8	4.70	23.3	6.42	25.3	3.62	26.2	5.47	27.1	6.45	32.1	5.16	50.0	2.15	26.8	6.18	31.3	5.43	29.5	6.27	25.5	6.71	30.1	5.45	30.3
21:00 06/01/2017	-6.2	3.24	5.88	0.6	0.8	4.0	4.52	23.8	8.02	25.4	5.32	25.7	4.70	23.3	6.42	25.3	3.61	26.2	5.47	27.1	6.45	32.0	5.16	49.7	2.15	26.8	6.18	31.4	5.43	29.5	6.27	25.5	6.71	30.1	5.45	30.4
21:10 06/01/2017	-6.2	3.23	5.88	0.6	0.8	4.0	4.52	23.8	8.02	25.4	5.32	25.8	4.70	23.3	6.42	25.2	3.60	26.7	5.47	27.1	6.45	32.0	5.17	46.3	2.15	26.8	6.18	31.5	5.43	29.4	6.27	25.5	6.71	30.1	5.45	30.5
21:20 06/01/2017	-6.2	3.22	5.88	0.5	0.8	3.8	4.52	23.8	8.02	25.3	5.32	26.1	4.69	23.4	6.42	25.2	3.60	27.2	5.47	27.2	6.45	32.3	5.17	46.5	2.15	26.9	6.18	31.5	5.43	29.3	6.27	25.5	6.71	30.2	5.45	30.5
21:30 06/01/2017	-6.2	3.22	5.88	0.5	0.8	4.0	4.51	23.7	8.02	25.3	5.32	26.0	4.69	23.4	6.42	25.2	3.60	27.1	5.47	27.2	6.45	32.2	5.17	46.9	2.15	26.9	6.18	31.6	5.43	29.3	6.26	25.4	6.71	30.2	5.45	30.5
21:40 06/01/2017	-6.2	3.22	5.88	0.6	0.8	3.3	4.51	23.7	8.02	25.3	5.32	25.9	4.69	23.4	6.42	25.2	3.59	27.0	5.48	27.2	6.46	32.1	5.17	47.9	2.15	27.0	6.18	31.6	5.43	29.2	6.25	25.4	6.72	30.2	5.45	30.5
21:50 06/01/2017	-6.2	3.21	5.89	0.6	0.7	3.6	4.51	23.7	8.02	25.3	5.32	25.9	4.69	23.3	6.42	25.3	3.58	26.8	5.48	27.0	6.46	32.1	5.17	47.8	2.15	26.3	6.18	31.7	5.43	29.2	6.25	25.4	6.72	30.3	5.46	30.6
22:00 06/01/2017	-6.2	3.20	5.89	0.5	0.6	4.0	4.51	23.7	8.02	25.3	5.32	25.8	4.67	23.3	6.42	25.3	3.57	26.7	5.48	26.7	6.46	32.0	5.17	47.7	2.15	26.1	6.18	31.7	5.43	29.1	6.25	25.3	6.72	30.3	5.45	30.6
22:10 06/01/2017	-6.2	3.19	5.89	0.6	0.8	4.1	4.51	23.7	8.02	25.3	5.32	25.8	4.67	23.3	6.42	25.3	3.57	26.6	5.48	26.6	6.46	32.2	5.17	48.1	2.15	25.8	6.18	31.7	5.43	29.1	6.25	25.3	6.72	30.4	5.45	30.6
22:20 06/01/2017	-6.2	3.18	5.89	0.5	0.8	3.4	4.50	23.8	8.02	25.2	5.33	25.8	4.67	23.4	6.42	25.3	3.55	26.5	5.48	26.5	6.46	32.3	5.17	46.0	2.15	25.6	6.18	31.2	5.43	28.9	6.25	25.3	6.72	30.2	5.45	30.3
22:30 06/01/2017	-6.2	3.17	5.89	0.6	0.8	4.1	4.50	23.8	8.03	25.2	5.33	25.7	4.66	23.3	6.42	25.3	3.55	26.5	5.48	26.4	6.46	32.2	5.17	46.8	2.15	25.6	6.18	30.8	5.43	28.7	6.25	25.3	6.73	29.9	5.45	30.1
22:40 06/01/2017	-6.2	3.16	5.89	0.7	0.8	3.9	4.50	23.8	8.03	25.2	5.33	25.7	4.66	23.3	6.42	25.3	3.54	26.4	5.48	26.5	6.46	32.2	5.17	46.5	2.15	25.7	6.18	30.5	5.43	28.6	6.25	25.3	6.73	29.7	5.45	29.9
22:50 06/01/2017	-6.2	3.16	5.89	0.6	0.8	4.0	4.50	23.7	8.03	25.2	5.33	25.7	4.66	23.3	6.42	25.3	3.53	26.3	5.47	26.7	6.46	32.1	5.17	47.2	2.15	25.8	6.18	30.1	5.43	28.4	6.25	25.3	6.73	29.5	5.45	29.7
23:00 06/01/2017	-6.2	3.15	5.89	0.5	0.8	3.8	4.49	23.7	8.03	25.2	5.33	25.7	4.66	23.3	6.41	25.3	3.52	26.3	5.47	26.8	6.46	32.1	5.17	45.7	2.15	26.1	6.19	29.8	5.43	28.3	6.25	25.3	6.73	29.2	5.45	29.5
23:10 06/01/2017	-6.2	3.14	5.89	0.7	0.8	4.0	4.49	23.7	8.03	25.2	5.33	25.6	4.65	23.3	6.41	25.3	3.52	26.2	5.47	26.9	6.46	32.1	5.17	47.5	2.15	26.1	6.19	29.5	5.43	28.1	6.25	25.3	6.73	29.0	5.45	29.3
23:20 06/01/2017	-6.2	3.13	5.89	0.6	0.8	3.7	4.49	23.7	8.03	25.2	5.33	25.6	4.65	23.3	6.41	25.2	3.51	26.2	5.47	27.0	6.46	32.4	5.18	46.7	2.15	26.3	6.19	29.6	5.43	28.1	6.25	25.2	6.73	29.0	5.45	29.2
23:30 06/01/2017	-6.2	3.13	5.89	0.6	0.8	2.8	4.49	23.8	8.03	25.2	5.33	25.8	4.65	23.3	6.41	25.2	3.50	26.7	5.47	27.0	6.46	32.3	5.18	46.0	2.15	26.5	6.19	29.8	5.43	28.1	6.25	25.2	6.74	29.1	5.45	29.4
23:40 06/01/2017	-6.2	3.12	5.89	0.6	0.7	4.0	4.48	23.8	8.03	25.2	5.33	26.0	4.64	23.3	6.41	25.2	3.49	27.3	5.47	27.1	6.46	32.2	5.18	46.6	2.15	26.6	6.19	30.0	5.42	28.1	6.25	25.2	6.74	29.2	5.45	29.5
23:50 06/01/2017	-6.2	3.11	5.89	0.6	0.8	3.9	4.48	23.9	8.03	25.2	5.33	26.1	4.64	23.5	6.41	25.2	3.48	27.2	5.47	27.1	6.46	32.1	5.18	47.6	2.15	26.7	6.18	30.1	5.42	28.1	6.25	25.2	6.74	29.3	5.44	29.6
